

TREE # 1

  0  0.0000   1965.151300  x:  0.00098   0.00651   0.00660   0.01897   0.00434   0.00217   2.00000   0.40000  
  1 99.0000   1965.145620  x:  0.00103   0.00666   0.00673   0.01902   0.00457   0.00230   2.00007   0.39962  
  2 22.5555   1965.133194  x:  0.00113   0.00689   0.00692   0.01913   0.00469   0.00202   2.00029   0.39838  
  3 48.1674   1964.959161  x:  0.00201   0.00780   0.00771   0.02001   0.00347   0.00232   2.00375   0.37901  
  4 173.5936   1961.013208  x:  0.00704   0.00590   0.00628   0.02503   0.00416   0.00230   2.05530   0.09048  
  5 1582.4852   1960.754269  x:  0.00618   0.00637   0.00666   0.02417   0.00397   0.00231   2.06011   0.06358  
  6 2937.9783   1960.753927  x:  0.00617   0.00631   0.00674   0.02417   0.00397   0.00231   2.06022   0.06357  
  7  3.7169   1959.063905  x:  0.00000   0.00834   0.00837   0.01796   0.00338   0.00232   2.96557   0.09732  
  8  7.2183   1958.196506  x:  0.00249   0.00625   0.00640   0.02030   0.00521   0.00214   4.06809   0.10110  
  9  0.8709   1957.839668  x:  0.00000   0.00638   0.00666   0.01775   0.00493   0.00211   5.37800   0.10432  
 10  0.5456   1957.839668  x:  0.00000   0.00638   0.00666   0.01775   0.00493   0.00211   5.37800   0.10432  
 11 777.2377   1957.751681  x:  0.00109   0.00670   0.00684   0.01883   0.00423   0.00231   5.37800   0.10431  
 12 103.3583   1957.745883  x:  0.00124   0.00669   0.00685   0.01899   0.00439   0.00212   5.37801   0.10430  
 13 38.7726   1957.744970  x:  0.00129   0.00666   0.00684   0.01903   0.00448   0.00218   5.37801   0.10429  
 14 16.7823   1957.744933  x:  0.00129   0.00663   0.00682   0.01904   0.00447   0.00218   5.37801   0.10428  
 15  2.1624   1957.743941  x:  0.00130   0.00664   0.00681   0.01904   0.00448   0.00218   5.37864   0.10171  
 16  0.8441   1957.743925  x:  0.00129   0.00663   0.00683   0.01904   0.00448   0.00218   5.37866   0.10167  
 17  3.0249   1957.582076  x:  0.00191   0.00666   0.00685   0.01887   0.00439   0.00215   6.87982   0.10788  
 18  0.1876   1957.536458  x:  0.00186   0.00658   0.00679   0.01819   0.00449   0.00219   8.46828   0.11141  
 19  0.7683   1957.535154  x:  0.00203   0.00661   0.00682   0.01833   0.00445   0.00216   8.55470   0.11089  
 20  0.0718   1957.535126  x:  0.00200   0.00661   0.00681   0.01834   0.00445   0.00217   8.59781   0.11095  
 21  0.0308   1957.535125  x:  0.00199   0.00661   0.00681   0.01835   0.00445   0.00217   8.60089   0.11096  
 22  0.0026   1957.535125  x:  0.00199   0.00661   0.00681   0.01835   0.00445   0.00217   8.60089   0.11096  
 23  0.0003   1957.535125  x:  0.00199   0.00661   0.00681   0.01835   0.00445   0.00217   8.60084   0.11096  
 24  0.0007   1957.535125  x:  0.00199   0.00661   0.00681   0.01835   0.00445   0.00217   8.60084   0.11096  
 25  0.0003   1957.535125  x:  0.00199   0.00661   0.00681   0.01835   0.00445   0.00217   8.60084   0.11096  
check convergence!
