

TREE # 1

  0  0.0000   1330.833348  x:  0.00000   0.02614   0.05417   0.01800   0.03925   0.04039   2.00000   0.40000  
  1 99.0000   1330.832687  x:  0.00000   0.02614   0.05417   0.01800   0.03924   0.04039   2.00000   0.40000  
  2 300.4840   1326.258959  x:  0.00000   0.02651   0.04630   0.02975   0.01643   0.01680   2.00022   0.39727  
  3 450.2276   1326.193700  x:  0.00000   0.02596   0.04266   0.02993   0.01824   0.01592   2.00059   0.39280  
  4 21.1830   1326.067488  x:  0.00000   0.02654   0.03876   0.03029   0.01654   0.01888   2.00180   0.37827  
  5 40.7837   1323.682342  x:  0.00000   0.02920   0.03977   0.03089   0.01748   0.01875   2.01947   0.16490  
  6 132.7166   1323.652494  x:  0.00000   0.02692   0.03989   0.03058   0.01705   0.01896   2.01980   0.16113  
  7 44.7469   1321.363605  x:  0.00000   0.02723   0.04257   0.01214   0.01313   0.01280   2.25972   0.19388  
  8  0.2161   1321.243338  x:  0.00000   0.02856   0.04276   0.00971   0.01462   0.01411   2.17505   0.17028  
  9  0.2694   1321.227358  x:  0.00147   0.02891   0.04281   0.00909   0.01500   0.01444   2.15325   0.16420  
 10 343.0320   1321.211863  x:  0.00157   0.02943   0.04137   0.00931   0.01474   0.01472   2.17244   0.17155  
 11  0.0232   1321.211092  x:  0.00150   0.02956   0.04117   0.00937   0.01462   0.01456   2.17066   0.17020  
 12  0.0064   1321.211031  x:  0.00153   0.02958   0.04115   0.00935   0.01468   0.01455   2.17672   0.17017  
 13  0.0074   1321.211028  x:  0.00153   0.02958   0.04115   0.00934   0.01467   0.01456   2.17738   0.17011  
 14  0.0008   1321.211028  x:  0.00153   0.02958   0.04115   0.00934   0.01468   0.01456   2.17734   0.17010  
 15  0.0000   1321.211028  x:  0.00153   0.02958   0.04115   0.00934   0.01468   0.01456   2.17734   0.17010  
 16  0.0000   1321.211028  x:  0.00153   0.02958   0.04115   0.00934   0.01468   0.01456   2.17734   0.17010  