

TREE # 1

  0  0.0000   5606.613400  x:  0.01581   0.03196   0.02548   0.03380   0.02220   0.02670   2.00000   0.40000  
  1 99.0000   5605.773832  x:  0.01971   0.03170   0.02741   0.03770   0.02084   0.02985   2.00160   0.39192  
  2 164.2218   5577.860347  x:  0.01924   0.02651   0.02544   0.03724   0.02392   0.03642   2.05429   0.12542  
  3 318.9352   5576.777959  x:  0.01970   0.03067   0.02713   0.03769   0.02165   0.03327   2.05795   0.10881  
  4 902.3928   5576.731018  x:  0.02034   0.03020   0.02685   0.03834   0.02214   0.03197   2.05896   0.10825  
  5 51.7868   5576.433994  x:  0.01996   0.02791   0.02796   0.03796   0.01974   0.03096   2.08533   0.10896  
  6 27.7644   5569.121768  x:  0.01802   0.02879   0.04386   0.03601   0.02662   0.02853   2.87088   0.13314  
  7 1108.0507   5560.599961  x:  0.02037   0.03630   0.02630   0.03836   0.01777   0.02980   3.62568   0.15652  
  8 8630.7860   5557.970454  x:  0.01902   0.03144   0.02349   0.03697   0.02075   0.03411   4.11689   0.12687  
  9  0.9801   5555.558217  x:  0.01828   0.03208   0.02910   0.03621   0.02323   0.02649   4.94487   0.13476  
 10  0.5260   5554.622237  x:  0.01846   0.03290   0.02518   0.03641   0.02143   0.02924   5.78131   0.14362  
 11  0.4607   5554.486781  x:  0.01864   0.03214   0.02714   0.03661   0.02171   0.02938   6.09079   0.14030  
 12  0.2401   5554.473309  x:  0.01877   0.03230   0.02679   0.03676   0.02172   0.02883   6.20091   0.14088  
 13  0.1055   5554.472580  x:  0.01872   0.03236   0.02675   0.03671   0.02170   0.02896   6.22572   0.14096  
 14  0.0219   5554.472577  x:  0.01872   0.03236   0.02675   0.03672   0.02171   0.02896   6.22794   0.14095  
 15  0.0026   5554.472576  x:  0.01871   0.03236   0.02675   0.03672   0.02171   0.02896   6.22726   0.14094  
 16  0.0006   5554.472576  x:  0.01870   0.03236   0.02675   0.03673   0.02171   0.02896   6.22755   0.14095  
 17  0.0002   5554.472576  x:  0.01870   0.03236   0.02675   0.03673   0.02171   0.02896   6.22755   0.14095  
 18  0.0002   5554.472576  x:  0.01870   0.03236   0.02675   0.03673   0.02171   0.02896   6.22755   0.14095  
 19  0.0000   5554.472576  x:  0.01870   0.03236   0.02675   0.03673   0.02171   0.02896   6.22755   0.14095  
check convergence!
