

TREE # 1

  0  0.0000   2636.332179  x:  0.02333   0.03079   0.04298   0.04132   0.04453   0.03341   2.00000   0.40000  
  1 99.0000   2636.022240  x:  0.02700   0.03419   0.04204   0.04499   0.04720   0.03106   2.00163   0.39558  
  2 74.0599   2634.678450  x:  0.02336   0.03374   0.03373   0.04135   0.05759   0.02726   2.02274   0.33824  
  3 60.6871   2631.723732  x:  0.02384   0.03449   0.03980   0.04184   0.06044   0.03274   2.06680   0.21962  
  4 566.5013   2631.359220  x:  0.02468   0.03306   0.03809   0.04268   0.05482   0.02880   2.07411   0.20312  
  5 196.8395   2631.327772  x:  0.02461   0.03424   0.03673   0.04260   0.05376   0.02973   2.07629   0.20222  
  6 26.4180   2630.801598  x:  0.02161   0.04004   0.03963   0.03960   0.05238   0.02633   2.15996   0.20535  
  7 21.9191   2620.376637  x:  0.03006   0.02590   0.03594   0.04805   0.04576   0.03216   4.29431   0.29398  
  8 1026.2390   2618.732480  x:  0.02751   0.03585   0.04340   0.04546   0.05051   0.03426   4.73881   0.25649  
  9  0.4373   2618.089787  x:  0.02533   0.03383   0.04340   0.04328   0.04373   0.03080   5.39810   0.24792  
 10  0.3234   2617.814671  x:  0.02580   0.03164   0.04204   0.04375   0.04913   0.03080   5.93978   0.25247  
 11  0.3551   2617.725772  x:  0.02683   0.03305   0.04166   0.04478   0.04729   0.03145   6.26521   0.26352  
 12  0.2410   2617.717338  x:  0.02657   0.03302   0.04208   0.04452   0.04718   0.03178   6.38066   0.25992  
 13  0.0919   2617.717165  x:  0.02657   0.03299   0.04206   0.04452   0.04722   0.03167   6.39871   0.26027  
 14  0.0153   2617.717165  x:  0.02657   0.03299   0.04206   0.04453   0.04722   0.03168   6.39931   0.26027  
 15  0.0005   2617.717165  x:  0.02657   0.03299   0.04206   0.04453   0.04722   0.03168   6.39928   0.26027  
 16  0.0000   2617.717165  x:  0.02656   0.03299   0.04206   0.04453   0.04722   0.03168   6.39928   0.26027  