

TREE # 1

  0  0.0000   4602.453067  x:  0.00751   0.01426   0.03534   0.02550   0.01648   0.01306   2.00000   0.40000  
  1 99.0000   4599.653774  x:  0.00804   0.01780   0.04132   0.02603   0.02233   0.00803   2.00853   0.33975  
  2 87.5287   4588.753699  x:  0.00870   0.02140   0.05613   0.02670   0.03197   0.01587   2.03835   0.12894  
  3 4591.2165   4586.288715  x:  0.00838   0.01950   0.05636   0.02638   0.03010   0.01418   2.04515   0.08089  
  4 4407.9575   4586.238663  x:  0.00907   0.02064   0.05532   0.02707   0.02980   0.01426   2.04569   0.07973  
  5 61.8309   4586.222958  x:  0.00867   0.02116   0.05450   0.02666   0.03009   0.01432   2.04636   0.07943  
  6 28.8297   4586.204299  x:  0.00885   0.02065   0.05351   0.02685   0.03108   0.01435   2.04849   0.07932  
  7 20.3928   4574.479284  x:  0.00848   0.01764   0.03889   0.02645   0.01825   0.00929   4.31867   0.12690  
  8 34.2046   4573.363249  x:  0.00806   0.01340   0.03647   0.02591   0.01772   0.01242   4.42407   0.11793  
  9  0.1057   4573.286221  x:  0.00796   0.01429   0.03641   0.02581   0.01645   0.01287   4.41923   0.11509  
 10  0.0113   4573.276616  x:  0.00795   0.01447   0.03612   0.02581   0.01681   0.01306   4.41592   0.11306  
 11  0.0055   4573.274543  x:  0.00796   0.01435   0.03632   0.02585   0.01676   0.01308   4.41477   0.11183  
 12  0.0027   4573.274504  x:  0.00796   0.01434   0.03628   0.02586   0.01675   0.01307   4.41565   0.11178  
 13  0.0013   4573.274492  x:  0.00794   0.01434   0.03629   0.02589   0.01675   0.01306   4.41880   0.11181  
 14  0.0017   4573.274487  x:  0.00791   0.01434   0.03629   0.02591   0.01675   0.01306   4.42114   0.11180  
 15  0.0015   4573.274487  x:  0.00790   0.01434   0.03629   0.02593   0.01675   0.01306   4.42141   0.11181  
 16  0.0002   4573.274487  x:  0.00788   0.01434   0.03629   0.02595   0.01675   0.01306   4.42145   0.11181  
 17  0.0000   4573.274487  x:  0.00788   0.01434   0.03629   0.02595   0.01675   0.01306   4.42144   0.11181  
 18  0.0000   4573.274487  x:  0.00788   0.01434   0.03629   0.02595   0.01675   0.01306   4.42144   0.11181  
 19  0.0001   4573.274487  x:  0.00788   0.01434   0.03629   0.02595   0.01675   0.01306   4.42144   0.11181  
 20  0.0040   4573.274487  x:  0.00788   0.01434   0.03629   0.02595   0.01675   0.01306   4.42144   0.11181  
 21  0.0006   4573.274487  x:  0.00788   0.01434   0.03629   0.02595   0.01675   0.01306   4.42144   0.11181  
 22  0.0004   4573.274487  x:  0.00788   0.01434   0.03629   0.02595   0.01675   0.01306   4.42144   0.11181  
check convergence!
