

TREE # 1

  0  0.0000   1655.937645  x:  0.00589   0.03474   0.03721   0.02389   0.00344   0.01899   2.00000   0.40000  
  1 99.0000   1655.861127  x:  0.00591   0.03489   0.03699   0.02391   0.00236   0.01911   2.00012   0.39897  
  2 89.4031   1652.988258  x:  0.00729   0.04578   0.02082   0.02528   0.00270   0.02755   2.00913   0.31915  
  3 125.9545   1631.817021  x:  0.00684   0.06648   0.02011   0.02483   0.00272   0.03220   2.04183   0.02720  
  4 1257.7019   1631.673953  x:  0.00829   0.06395   0.01910   0.02629   0.00270   0.03150   2.04257   0.02257  
  5 114.9419   1631.654566  x:  0.00752   0.06254   0.01876   0.02551   0.00269   0.03213   2.04330   0.02196  
  6 19.8416   1631.642457  x:  0.00767   0.06183   0.01925   0.02567   0.00270   0.03366   2.04473   0.02175  
  7 14.0849   1629.174341  x:  0.01016   0.03998   0.01605   0.02815   0.00261   0.03405   2.64167   0.03441  
  8 11.2902   1623.347201  x:  0.00525   0.04712   0.02710   0.02322   0.00260   0.01647   4.34903   0.02512  
  9  5.2440   1622.339229  x:  0.00553   0.03494   0.03187   0.02346   0.00255   0.02219   4.65633   0.02730  
 10  0.4057   1622.019126  x:  0.00762   0.03420   0.03541   0.02555   0.00263   0.01849   5.09546   0.03026  
 11  0.3544   1621.928725  x:  0.00720   0.03737   0.03747   0.02514   0.00266   0.01971   5.38597   0.03035  
 12  0.3322   1621.901125  x:  0.00644   0.03618   0.03855   0.02438   0.00265   0.01930   5.55538   0.02995  
 13  0.1803   1621.894589  x:  0.00681   0.03585   0.03862   0.02477   0.00260   0.01939   5.71118   0.02953  
 14  0.0542   1621.888969  x:  0.00659   0.03620   0.03783   0.02460   0.00265   0.01931   5.83936   0.02981  
 15  0.0462   1621.888795  x:  0.00660   0.03608   0.03776   0.02462   0.00263   0.01937   5.84286   0.02992  
 16  0.0032   1621.888793  x:  0.00659   0.03608   0.03776   0.02463   0.00263   0.01937   5.84284   0.02994  
 17  0.0000   1621.888793  x:  0.00659   0.03608   0.03776   0.02463   0.00263   0.01937   5.84289   0.02994  
 18  0.0001   1621.888793  x:  0.00659   0.03608   0.03776   0.02463   0.00263   0.01937   5.84291   0.02994  
 19  0.0000   1621.888793  x:  0.00659   0.03608   0.03776   0.02463   0.00263   0.01937   5.84291   0.02994  
 20  0.0000   1621.888793  x:  0.00659   0.03608   0.03776   0.02463   0.00263   0.01937   5.84291   0.02994  
 21  0.0000   1621.888793  x:  0.00659   0.03608   0.03776   0.02463   0.00263   0.01937   5.84291   0.02994  
 22  0.0000   1621.888793  x:  0.00659   0.03608   0.03776   0.02463   0.00263   0.01937   5.84291   0.02994  
check convergence!
