

TREE # 1

  0  0.0000   2129.087151  x:  0.01373   0.03360   0.02476   0.03172   0.02858   0.01506   2.00000   0.40000  
  1 99.0000   2126.506124  x:  0.01073   0.02276   0.03397   0.02872   0.02482   0.02628   2.00551   0.34632  
  2 93.7963   2089.814687  x:  0.01501   0.02192   0.05117   0.03301   0.02286   0.03075   2.03875   0.01961  
  3 959.3697   2089.664524  x:  0.01361   0.02170   0.04971   0.03160   0.02446   0.03107   2.03932   0.01629  
  4 134.1845   2089.636874  x:  0.01369   0.02189   0.04766   0.03168   0.02322   0.03217   2.04078   0.01578  
  5 18.3775   2089.620342  x:  0.01436   0.02183   0.04694   0.03236   0.02384   0.03322   2.04304   0.01569  
  6 17.1246   2089.332020  x:  0.01311   0.02660   0.04691   0.03111   0.02449   0.03715   2.10216   0.01668  
  7 27.1192   2086.467840  x:  0.00917   0.02146   0.03030   0.02716   0.02663   0.03718   2.65464   0.02556  
  8 741.6106   2080.957869  x:  0.01648   0.02190   0.04739   0.03446   0.02449   0.01951   4.25745   0.01667  
  9  7.4695   2077.872548  x:  0.01694   0.03081   0.02668   0.03487   0.02868   0.01426   4.74732   0.02058  
 10  0.3929   2077.673886  x:  0.01702   0.03338   0.02713   0.03496   0.02982   0.01789   4.94151   0.02054  
 11  0.2679   2077.535877  x:  0.01644   0.03530   0.02990   0.03438   0.03109   0.01605   5.28333   0.02064  
 12  0.3577   2077.466962  x:  0.01661   0.03616   0.02726   0.03455   0.03099   0.01571   5.62176   0.02088  
 13  0.2407   2077.419840  x:  0.01684   0.03469   0.02840   0.03480   0.02989   0.01628   5.95397   0.02102  
 14  0.1428   2077.415240  x:  0.01647   0.03436   0.02815   0.03443   0.03024   0.01611   6.01983   0.02102  
 15  0.0431   2077.415138  x:  0.01647   0.03430   0.02819   0.03444   0.03030   0.01616   6.01548   0.02098  
 16  0.0035   2077.415135  x:  0.01648   0.03429   0.02819   0.03445   0.03031   0.01616   6.01451   0.02098  
 17  0.0007   2077.415135  x:  0.01647   0.03429   0.02819   0.03445   0.03031   0.01616   6.01480   0.02098  
 18  0.0003   2077.415135  x:  0.01647   0.03429   0.02819   0.03445   0.03031   0.01616   6.01482   0.02098  