

TREE # 1

  0  0.0000   1299.807995  x:  0.01349   0.00703   0.01482   0.03148   0.01053   0.03000   2.00000   0.40000  
  1 99.0000   1299.802991  x:  0.01353   0.00744   0.01484   0.03153   0.01092   0.02996   2.00018   0.39988  
  2 16.5170   1299.799220  x:  0.01366   0.00715   0.01484   0.03165   0.01134   0.02980   2.00102   0.39935  
  3  7.8883   1299.723830  x:  0.01525   0.00739   0.01489   0.03325   0.01071   0.02708   2.02252   0.38582  
  4 25.6713   1299.029248  x:  0.01330   0.00737   0.01453   0.03130   0.01100   0.02756   2.20358   0.27228  
  5 254.6608   1299.005772  x:  0.01425   0.00737   0.01509   0.03225   0.01089   0.02897   2.21099   0.26850  
  6 83.1574   1298.995093  x:  0.01451   0.00739   0.01411   0.03250   0.01087   0.02929   2.21523   0.26853  
  7 16.4115   1294.020241  x:  0.01282   0.00713   0.01703   0.03080   0.01097   0.03452   5.81774   0.65197  
  8 63.2056   1293.130443  x:  0.01506   0.00741   0.01263   0.03297   0.01086   0.02519   6.51282   0.51903  
  9  0.2824   1292.483723  x:  0.01404   0.00742   0.01430   0.03191   0.01092   0.02846   7.47718   0.37224  
 10  0.5013   1292.269550  x:  0.01353   0.00721   0.01607   0.03139   0.01092   0.03271   8.28938   0.44075  
 11  0.4808   1291.867211  x:  0.01447   0.00716   0.01491   0.03226   0.01081   0.03085  12.43108   0.39310  
 12  0.8940   1291.801662  x:  0.01405   0.00731   0.01492   0.03184   0.01089   0.03006  13.19716   0.44768  
 13  0.5867   1291.795185  x:  0.01400   0.00727   0.01495   0.03178   0.01092   0.03012  14.08331   0.44372  
 14  0.3360   1291.795128  x:  0.01405   0.00729   0.01494   0.03184   0.01090   0.03014  14.10130   0.44433  
 15  0.0173   1291.795127  x:  0.01405   0.00729   0.01494   0.03184   0.01090   0.03014  14.10500   0.44443  
 16  0.0032   1291.795127  x:  0.01404   0.00729   0.01494   0.03184   0.01090   0.03014  14.10514   0.44443  
 17  0.0001   1291.795127  x:  0.01404   0.00729   0.01494   0.03184   0.01090   0.03014  14.10513   0.44443  