

TREE # 1

  0  0.0000   1003.980203  x:  0.01414   0.02047   0.00978   0.03214   0.05626   0.02510   2.00000   0.40000  
  1 99.0000   1003.974465  x:  0.01452   0.02049   0.01045   0.03251   0.05667   0.02538   2.00034   0.40037  
  2 10.6343   1003.967427  x:  0.01508   0.02048   0.00998   0.03308   0.05770   0.02581   2.00145   0.40155  
  3 10.3586   1003.939415  x:  0.01410   0.02049   0.01016   0.03210   0.06108   0.02520   2.00863   0.40913  
  4 13.3341   1003.535329  x:  0.01587   0.01984   0.01006   0.03386   0.05667   0.02122   2.13774   0.54326  
  5 37.3313   1003.411912  x:  0.01444   0.02053   0.01004   0.03243   0.05485   0.02585   2.17586   0.58206  
  6 333.0067   1003.398047  x:  0.01435   0.01892   0.01008   0.03235   0.05484   0.02607   2.18425   0.58190  
  7  5.7398   1000.772426  x:  0.01519   0.02255   0.01000   0.03317   0.05849   0.02411   4.55836   0.45591  
  8 81.4356   1000.560353  x:  0.01435   0.02099   0.01002   0.03231   0.05719   0.02622   4.81544   0.56988  
  9  0.2603   1000.512231  x:  0.01499   0.01946   0.01012   0.03295   0.05740   0.02501   5.28713   0.56734  
 10  0.1655   1000.500298  x:  0.01460   0.02064   0.01005   0.03256   0.05752   0.02529   5.47417   0.56593  
 11  0.1189   1000.499822  x:  0.01465   0.02049   0.01005   0.03262   0.05742   0.02550   5.51772   0.56635  
 12  0.0338   1000.499821  x:  0.01464   0.02049   0.01006   0.03262   0.05743   0.02550   5.51830   0.56620  
 13  0.0005   1000.499821  x:  0.01464   0.02049   0.01006   0.03262   0.05743   0.02550   5.51817   0.56617  
 14  0.0001   1000.499821  x:  0.01464   0.02049   0.01006   0.03262   0.05743   0.02550   5.51815   0.56617  
 15  0.0000   1000.499821  x:  0.01464   0.02049   0.01006   0.03262   0.05743   0.02550   5.51815   0.56617  