

TREE # 1

  0  0.0000   1211.523840  x:  0.00955   0.02815   0.00615   0.02754   0.00000   0.03109   2.00000   0.40000  
  1 99.0000   1211.523614  x:  0.00955   0.02815   0.00615   0.02754   0.00000   0.03109   2.00000   0.40000  
  2 269.0567   1211.323207  x:  0.01135   0.03446   0.00710   0.02935   0.00000   0.03085   2.00171   0.38903  
  3 38.9975   1208.803582  x:  0.00000   0.04607   0.00755   0.01803   0.00000   0.03091   2.02830   0.21775  
  4 107.1716   1208.803582  x:  0.00000   0.04607   0.00755   0.01803   0.00000   0.03091   2.02830   0.21775  
  5 2879.0952   1206.194063  x:  0.01142   0.04276   0.00432   0.02945   0.00000   0.03092   2.02846   0.21641  
  6 409.1263   1205.725103  x:  0.01099   0.03305   0.00247   0.02902   0.00000   0.03094   2.02903   0.21176  
  7 79.2381   1205.557402  x:  0.01107   0.02870   0.00397   0.02910   0.00000   0.03094   2.02934   0.20927  
  8 328.9308   1201.850980  x:  0.01110   0.02913   0.00408   0.02913   0.00000   0.03094   2.04680   0.06601  
  9 42.0769   1201.847115  x:  0.01110   0.02913   0.00409   0.02913   0.00000   0.03193   2.04851   0.06598  
 10  3.9992   1198.482247  x:  0.01087   0.03300   0.00419   0.02888   0.00000   0.02880   5.19962   0.11754  
 11 13.5198   1197.870648  x:  0.01079   0.03274   0.00423   0.02878   0.00000   0.02970   5.51065   0.07297  
 12  0.5548   1197.768315  x:  0.01039   0.03022   0.00423   0.02837   0.00000   0.03264   6.16712   0.07796  
 13  0.2671   1197.681933  x:  0.01026   0.03227   0.00449   0.02825   0.00000   0.03092   7.08585   0.07294  
 14  0.4088   1197.669886  x:  0.01033   0.03216   0.00443   0.02833   0.00000   0.03049   7.29159   0.07799  
 15  0.2328   1197.667491  x:  0.01044   0.03170   0.00431   0.02846   0.00000   0.03068   7.43451   0.07746  
 16  0.1074   1197.667294  x:  0.01051   0.03187   0.00430   0.02853   0.00000   0.03071   7.45768   0.07741  
 17  0.0182   1197.667286  x:  0.01052   0.03186   0.00430   0.02855   0.00000   0.03069   7.45344   0.07740  
 18  0.0032   1197.667286  x:  0.01052   0.03186   0.00430   0.02855   0.00000   0.03069   7.45146   0.07740  
 19  0.0017   1197.667286  x:  0.01052   0.03186   0.00430   0.02855   0.00000   0.03069   7.45147   0.07740  
 20  0.0000   1197.667286  x:  0.01052   0.03186   0.00430   0.02855   0.00000   0.03069   7.45147   0.07740  
 21  0.0000   1197.667286  x:  0.01052   0.03186   0.00430   0.02855   0.00000   0.03069   7.45147   0.07740  
 22  0.0000   1197.667286  x:  0.01052   0.03186   0.00430   0.02855   0.00000   0.03069   7.45147   0.07740  