

TREE # 1

  0  0.0000    956.156069  x:  0.03018   0.03302   0.00963   0.04818   0.03003   0.01263   2.00000   0.40000  
  1 99.0000    956.015232  x:  0.03097   0.03439   0.00617   0.04897   0.03107   0.01076   2.00027   0.39955  
  2 56.2320    955.979253  x:  0.03211   0.03655   0.00690   0.05010   0.03258   0.00997   2.00081   0.39865  
  3 24.8989    955.970021  x:  0.03254   0.03719   0.00669   0.05053   0.03299   0.01087   2.00128   0.39788  
  4 16.8834    955.836983  x:  0.03616   0.03676   0.00679   0.05415   0.02874   0.01076   2.02140   0.36459  
  5  9.7382    955.491550  x:  0.03534   0.03450   0.00690   0.05333   0.03255   0.01064   2.07190   0.28174  
  6 156.2268    955.461799  x:  0.03392   0.03685   0.00679   0.05192   0.03128   0.01071   2.07732   0.27417  
  7 44.2799    953.034404  x:  0.02977   0.03793   0.00632   0.04776   0.03344   0.01022   4.40990   0.44585  
  8  3.9305    952.778936  x:  0.03529   0.03521   0.00668   0.05326   0.03279   0.01037   4.67152   0.38012  
  9  0.1867    952.701455  x:  0.03283   0.03623   0.00664   0.05080   0.03247   0.01035   4.95147   0.34772  
 10  0.1757    952.678387  x:  0.03202   0.03708   0.00640   0.04999   0.03266   0.01027   5.20922   0.37031  
 11  0.1443    952.668204  x:  0.03283   0.03648   0.00659   0.05081   0.03270   0.01033   5.44279   0.36930  
 12  0.1460    952.668039  x:  0.03276   0.03647   0.00654   0.05074   0.03266   0.01030   5.47510   0.36896  
 13  0.0304    952.668037  x:  0.03276   0.03647   0.00655   0.05073   0.03265   0.01031   5.47691   0.36903  
 14  0.0022    952.668037  x:  0.03276   0.03647   0.00655   0.05073   0.03265   0.01031   5.47715   0.36906  
 15  0.0002    952.668037  x:  0.03276   0.03647   0.00655   0.05073   0.03265   0.01031   5.47716   0.36906  