

TREE # 1

  0  0.0000   1039.792768  x:  0.00188   0.03587   0.02118   0.01988   0.02866   0.01381   2.00000   0.40000  
  1 99.0000   1039.781615  x:  0.00197   0.03707   0.02183   0.01997   0.02855   0.01464   2.00010   0.40027  
  2 13.9705   1039.778892  x:  0.00184   0.03776   0.02191   0.01984   0.02850   0.01425   2.00023   0.40061  
  3  7.5075   1039.777277  x:  0.00206   0.03802   0.02154   0.02006   0.02854   0.01421   2.00058   0.40156  
  4  3.5672   1039.770594  x:  0.00171   0.03827   0.02081   0.01970   0.02865   0.01455   2.00242   0.40644  
  5 11.8668   1039.688721  x:  0.00195   0.03758   0.02206   0.01994   0.02910   0.01422   2.02789   0.47394  
  6 58.0149   1039.687312  x:  0.00195   0.03754   0.02202   0.01994   0.02849   0.01422   2.02844   0.47496  
  7  8.7970   1039.384881  x:  0.00189   0.03787   0.02184   0.01985   0.02856   0.01428   2.80039   0.49986  
  8  1.1536   1039.384721  x:  0.00191   0.03791   0.02173   0.01982   0.02857   0.01432   2.80122   0.50267  
  9  0.0023   1039.384718  x:  0.00191   0.03790   0.02175   0.01983   0.02857   0.01431   2.80113   0.50295  
 10  0.0003   1039.384718  x:  0.00190   0.03790   0.02175   0.01984   0.02857   0.01431   2.80107   0.50295  
 11  0.0001   1039.384718  x:  0.00189   0.03790   0.02175   0.01984   0.02857   0.01431   2.80104   0.50295  
 12  0.0000   1039.384718  x:  0.00188   0.03790   0.02175   0.01986   0.02857   0.01431   2.80103   0.50295  
 13  0.0000   1039.384718  x:  0.00187   0.03790   0.02175   0.01986   0.02857   0.01431   2.80103   0.50295  
 14  0.0001   1039.384718  x:  0.00187   0.03790   0.02175   0.01987   0.02857   0.01431   2.80103   0.50295  
 15  0.0003   1039.384718  x:  0.00187   0.03790   0.02175   0.01987   0.02857   0.01431   2.80103   0.50295  