

TREE # 1

  0  0.0000    746.380747  x:  0.01121   0.00917   0.00912   0.02921   0.00901   0.01554   2.00000   0.40000  
  1 99.0000    746.341080  x:  0.01300   0.00804   0.00965   0.03099   0.00774   0.01559   2.00042   0.39806  
  2 21.6996    746.300735  x:  0.01385   0.00838   0.01110   0.03184   0.00846   0.01740   2.00163   0.39238  
  3 20.3039    745.736568  x:  0.01265   0.00620   0.00903   0.03065   0.00380   0.02774   2.02036   0.30476  
  4 71.6835    744.853747  x:  0.01216   0.00219   0.00892   0.03015   0.00510   0.02973   2.04438   0.19212  
  5 833.5214    744.013032  x:  0.01230   0.00252   0.00891   0.03029   0.00468   0.03020   2.06649   0.08839  
  6 6217.0079    744.012207  x:  0.01221   0.00248   0.00913   0.03021   0.00456   0.03017   2.06663   0.08829  
  7  5.6237    742.076060  x:  0.01167   0.00714   0.01351   0.02966   0.00615   0.01535   3.61883   0.17256  
  8  2.5038    741.500615  x:  0.01425   0.00782   0.01140   0.03220   0.00734   0.01739   4.38825   0.10530  
  9  0.4562    741.138658  x:  0.01195   0.00925   0.00751   0.02986   0.00850   0.01409   6.10494   0.15333  
 10  0.6005    740.965127  x:  0.01356   0.01056   0.00822   0.03146   0.00944   0.01672   7.77426   0.13565  
 11  0.5809    740.901940  x:  0.01304   0.01095   0.00851   0.03093   0.00931   0.01367   8.81994   0.13940  
 12  0.6684    740.846400  x:  0.01205   0.01099   0.00826   0.02993   0.00851   0.01542  10.42792   0.15938  
 13  0.7494    740.796175  x:  0.01375   0.00977   0.00926   0.03163   0.00737   0.01548  12.27357   0.15533  
 14  0.6027    740.766686  x:  0.01251   0.00835   0.00974   0.03040   0.00751   0.01604  13.27793   0.15138  
 15  0.5013    740.764311  x:  0.01271   0.00801   0.00961   0.03060   0.00749   0.01610  13.37394   0.15575  
 16  0.0732    740.764172  x:  0.01272   0.00806   0.00959   0.03062   0.00756   0.01604  13.19036   0.15592  
 17  0.1099    740.764135  x:  0.01270   0.00800   0.00962   0.03060   0.00754   0.01606  13.12778   0.15554  
 18  0.0333    740.764130  x:  0.01270   0.00801   0.00963   0.03061   0.00752   0.01607  13.11439   0.15555  
 19  0.0107    740.764130  x:  0.01270   0.00801   0.00963   0.03061   0.00752   0.01607  13.11498   0.15557  
 20  0.0005    740.764130  x:  0.01270   0.00801   0.00963   0.03061   0.00752   0.01607  13.11498   0.15557  