

TREE # 1

  0  0.0000   1110.273922  x:  0.00494   0.03781   0.03341   0.02293   0.03560   0.01728   2.00000   0.40000  
  1 99.0000   1110.145591  x:  0.00694   0.03962   0.03214   0.02494   0.03881   0.01479   2.00011   0.39739  
  2 43.1885   1110.037717  x:  0.00511   0.04193   0.03052   0.02310   0.04268   0.01511   2.00043   0.38997  
  3 32.8553   1109.284131  x:  0.00849   0.04602   0.03290   0.02649   0.04793   0.02655   2.00417   0.30194  
  4 56.9107   1107.506746  x:  0.00792   0.04655   0.03539   0.02592   0.04790   0.02472   2.01014   0.16051  
  5 652.8821   1107.490087  x:  0.00812   0.04605   0.03320   0.02612   0.04733   0.02511   2.01026   0.15874  
  6 16.7094   1107.468100  x:  0.00805   0.04319   0.03335   0.02604   0.04876   0.02487   2.01817   0.15932  
  7  0.2780   1106.847310  x:  0.00623   0.04136   0.03236   0.02420   0.04094   0.01598   2.22710   0.17531  
  8 31.8416   1106.814217  x:  0.00611   0.04103   0.03258   0.02406   0.04034   0.01526   2.08880   0.16444  
  9  0.2759   1106.811664  x:  0.00617   0.04098   0.03232   0.02412   0.04018   0.01556   2.05376   0.16584  
 10  0.0632   1106.811639  x:  0.00618   0.04097   0.03231   0.02414   0.04017   0.01560   2.05560   0.16568  
 11  0.0027   1106.811638  x:  0.00618   0.04096   0.03231   0.02414   0.04016   0.01560   2.05591   0.16572  
 12  0.0004   1106.811638  x:  0.00617   0.04096   0.03231   0.02414   0.04016   0.01560   2.05588   0.16572  
 13  0.0000   1106.811638  x:  0.00617   0.04096   0.03231   0.02415   0.04016   0.01560   2.05588   0.16572  
 14  0.0000   1106.811638  x:  0.00617   0.04096   0.03231   0.02415   0.04016   0.01560   2.05588   0.16572  