

TREE # 1

  0  0.0000    993.618688  x:  0.01640   0.02983   0.01424   0.03440   0.01677   0.01727   2.00000   0.40000  
  1 99.0000    993.487973  x:  0.01747   0.03136   0.01237   0.03546   0.01971   0.01424   2.00053   0.39807  
  2 47.0047    993.335978  x:  0.01982   0.03740   0.01251   0.03781   0.01899   0.01595   2.00455   0.38336  
  3 22.6181    991.807284  x:  0.01524   0.04471   0.01030   0.03324   0.01181   0.01003   2.04420   0.23794  
  4 98.9287    990.765409  x:  0.01314   0.04605   0.01053   0.03114   0.01435   0.01158   2.07075   0.14071  
  5 1730.7051    990.644298  x:  0.01563   0.04365   0.01106   0.03362   0.01330   0.01088   2.07490   0.12702  
  6 142.4879    990.640342  x:  0.01572   0.04349   0.01047   0.03371   0.01317   0.01111   2.07533   0.12666  
  7 12.4320    985.288153  x:  0.02159   0.02530   0.01485   0.03957   0.01896   0.01515   5.29564   0.20590  
  8  5.6108    984.620685  x:  0.01678   0.03572   0.01426   0.03474   0.01983   0.01477   5.87235   0.16432  
  9  0.6287    984.338633  x:  0.01599   0.03010   0.01306   0.03395   0.01992   0.01384   6.79450   0.13893  
 10  0.4647    984.075319  x:  0.01886   0.02827   0.01358   0.03682   0.01870   0.01419   8.16194   0.17011  
 11  0.6720    983.946845  x:  0.01775   0.03279   0.01436   0.03571   0.01884   0.01476   9.41522   0.16197  
 12  0.6844    983.917494  x:  0.01753   0.03084   0.01384   0.03550   0.01934   0.01424  10.19682   0.15952  
 13  0.4613    983.915521  x:  0.01764   0.03100   0.01405   0.03561   0.01927   0.01443  10.42222   0.16172  
 14  0.1568    983.915478  x:  0.01763   0.03102   0.01401   0.03560   0.01929   0.01439  10.45569   0.16164  
 15  0.0295    983.915478  x:  0.01762   0.03102   0.01401   0.03560   0.01929   0.01440  10.45792   0.16161  
 16  0.0020    983.915478  x:  0.01762   0.03102   0.01401   0.03560   0.01928   0.01440  10.45788   0.16161  
 17  0.0000    983.915478  x:  0.01762   0.03102   0.01401   0.03560   0.01928   0.01440  10.45787   0.16161  