

TREE # 1

  0  0.0000   1935.256253  x:  0.01847   0.02188   0.02289   0.03647   0.01225   0.02239   2.00000   0.40000  
  1 99.0000   1934.957938  x:  0.01871   0.02295   0.02284   0.03671   0.01700   0.01995   2.00097   0.39437  
  2 82.0678   1932.524795  x:  0.01961   0.02856   0.01991   0.03761   0.01354   0.01030   2.01228   0.32862  
  3 132.8403   1917.536573  x:  0.02219   0.04414   0.01318   0.04018   0.01287   0.01095   2.05833   0.06028  
  4 2452.5664   1917.140339  x:  0.02207   0.04330   0.01601   0.04007   0.01271   0.01032   2.06064   0.04755  
  5 782.7259   1917.076327  x:  0.02173   0.04041   0.01494   0.03972   0.01295   0.00981   2.06187   0.04550  
  6 44.4713   1917.035384  x:  0.02369   0.03951   0.01489   0.04168   0.01292   0.00978   2.06838   0.04536  
  7 12.0409   1905.745723  x:  0.01869   0.01642   0.02297   0.03668   0.01402   0.00873   4.49684   0.07448  
  8 63.5190   1902.155050  x:  0.01962   0.03285   0.01918   0.03760   0.01447   0.01591   5.57037   0.05516  
  9  3.7470   1900.459449  x:  0.02181   0.02000   0.02284   0.03975   0.01450   0.02212   6.46815   0.05328  
 10  0.5589   1899.716328  x:  0.02056   0.02483   0.02793   0.03846   0.01310   0.02348   7.70000   0.06606  
 11  0.7288   1899.197234  x:  0.02096   0.02133   0.02694   0.03884   0.01321   0.02665   9.65118   0.05608  
 12  0.5815   1898.885458  x:  0.02187   0.02585   0.02495   0.03976   0.01393   0.02375  11.12032   0.06188  
 13  0.4844   1898.740806  x:  0.02038   0.02312   0.02408   0.03826   0.01348   0.02201  12.22440   0.06215  
 14  0.5300   1898.718779  x:  0.02130   0.02270   0.02489   0.03918   0.01393   0.02139  12.55539   0.06105  
 15  0.2090   1898.716361  x:  0.02109   0.02296   0.02519   0.03898   0.01376   0.02130  12.60118   0.06053  
 16  0.0364   1898.716342  x:  0.02107   0.02293   0.02522   0.03896   0.01377   0.02131  12.60856   0.06052  
 17  0.0072   1898.716340  x:  0.02107   0.02293   0.02522   0.03897   0.01377   0.02132  12.61673   0.06052  
 18  0.0038   1898.716340  x:  0.02107   0.02293   0.02522   0.03897   0.01377   0.02132  12.61717   0.06053  