

TREE # 1

  0  0.0000   2644.185291  x:  0.00510   0.00753   0.01501   0.02309   0.01663   0.02003   2.00000   0.40000  
  1 99.0000   2643.860960  x:  0.00503   0.01090   0.01312   0.02303   0.01615   0.01986   2.00134   0.39007  
  2 65.9310   2633.773203  x:  0.00482   0.00790   0.00340   0.02281   0.01640   0.01582   2.03023   0.17468  
  3 486.1609   2626.191433  x:  0.00472   0.00792   0.00189   0.02271   0.01642   0.01355   2.04962   0.03002  
  4 44541.6913   2626.183351  x:  0.00478   0.00787   0.00192   0.02277   0.01596   0.01324   2.04985   0.02980  
  5 26.8527   2626.177492  x:  0.00485   0.00782   0.00190   0.02285   0.01559   0.01356   2.05044   0.02971  
  6 14.6004   2624.374030  x:  0.00000   0.00752   0.00246   0.01800   0.01465   0.01522   2.33109   0.01680  
  7 27.7442   2622.748814  x:  0.00199   0.00767   0.00271   0.01998   0.01583   0.01577   2.52902   0.00772  
  8 8981.0597   2613.223698  x:  0.01005   0.00830   0.00553   0.02800   0.02031   0.02161   5.32699   0.03702  
  9 22.9439   2610.796687  x:  0.00502   0.00938   0.00786   0.02266   0.01365   0.02145   5.93946   0.03252  
 10  0.2136   2609.903401  x:  0.00372   0.00644   0.01000   0.02125   0.01730   0.02110   6.51078   0.03034  
 11  0.3296   2609.228836  x:  0.00532   0.00954   0.01237   0.02287   0.01866   0.02026   7.31087   0.02855  
 12  0.4160   2608.966752  x:  0.00572   0.00777   0.01422   0.02327   0.01642   0.01964   7.82777   0.02592  
 13  0.2816   2608.958417  x:  0.00578   0.00788   0.01455   0.02337   0.01663   0.02015   7.84284   0.02517  
 14  0.0070   2608.955522  x:  0.00569   0.00773   0.01456   0.02335   0.01639   0.02031   7.73166   0.02474  
 15  0.0345   2608.951940  x:  0.00567   0.00785   0.01446   0.02347   0.01654   0.02024   7.52195   0.02459  
 16  0.0679   2608.950279  x:  0.00565   0.00782   0.01467   0.02356   0.01655   0.02001   7.49832   0.02452  
 17  0.0100   2608.949367  x:  0.00551   0.00782   0.01476   0.02354   0.01651   0.02009   7.46375   0.02491  
 18  0.0107   2608.949301  x:  0.00553   0.00781   0.01476   0.02359   0.01653   0.02010   7.46414   0.02501  
 19  0.0003   2608.949300  x:  0.00552   0.00782   0.01476   0.02360   0.01652   0.02010   7.46378   0.02501  
 20  0.0003   2608.949300  x:  0.00551   0.00782   0.01476   0.02361   0.01652   0.02010   7.46387   0.02501  
 21  0.0001   2608.949300  x:  0.00551   0.00782   0.01476   0.02361   0.01652   0.02010   7.46387   0.02501  
 22  0.0000   2608.949300  x:  0.00551   0.00782   0.01476   0.02361   0.01652   0.02010   7.46387   0.02501  
 23  0.0001   2608.949300  x:  0.00551   0.00782   0.01476   0.02361   0.01652   0.02010   7.46387   0.02501  
 24  0.0019   2608.949300  x:  0.00551   0.00782   0.01476   0.02361   0.01652   0.02010   7.46387   0.02501  
 25  0.0490   2608.949300  x:  0.00551   0.00782   0.01476   0.02361   0.01652   0.02010   7.46387   0.02501  
check convergence!
