

TREE # 1

  0  0.0000   1044.953372  x:  0.00543   0.02794   0.02866   0.02342   0.00662   0.03153   2.00000   0.40000  
  1 99.0000   1044.825437  x:  0.00711   0.02933   0.02830   0.02511   0.00440   0.03217   2.00011   0.39944  
  2 65.5771   1044.785531  x:  0.00813   0.03081   0.02776   0.02613   0.00533   0.03300   2.00027   0.39860  
  3 41.3596   1044.755048  x:  0.00727   0.03285   0.02671   0.02526   0.00504   0.03434   2.00079   0.39585  
  4 19.4026   1043.538944  x:  0.00765   0.03104   0.02776   0.02564   0.00500   0.03823   2.03444   0.21875  
  5 19.7631   1043.495794  x:  0.00755   0.03278   0.02739   0.02554   0.00506   0.03495   2.03620   0.21067  
  6 49.4519   1043.490049  x:  0.00763   0.03235   0.02628   0.02562   0.00505   0.03481   2.04436   0.21123  
  7  1.3300   1042.988334  x:  0.00797   0.03316   0.02765   0.02595   0.00497   0.03260   2.95420   0.27652  
  8 60.6971   1042.898231  x:  0.00822   0.03181   0.02764   0.02617   0.00484   0.03508   3.12578   0.24541  
  9  0.2279   1042.890920  x:  0.00812   0.03209   0.02722   0.02608   0.00483   0.03398   3.22888   0.24577  
 10  0.0711   1042.890075  x:  0.00813   0.03211   0.02730   0.02609   0.00484   0.03423   3.27010   0.24856  
 11  0.0304   1042.890058  x:  0.00813   0.03208   0.02732   0.02610   0.00484   0.03423   3.27416   0.24822  
 12  0.0041   1042.890058  x:  0.00813   0.03208   0.02732   0.02610   0.00484   0.03423   3.27436   0.24824  
 13  0.0002   1042.890058  x:  0.00812   0.03208   0.02732   0.02611   0.00484   0.03423   3.27435   0.24824  
 14  0.0000   1042.890058  x:  0.00812   0.03208   0.02732   0.02611   0.00484   0.03423   3.27435   0.24824  
 15  0.0000   1042.890058  x:  0.00812   0.03208   0.02732   0.02611   0.00484   0.03423   3.27435   0.24824  