

TREE # 1

  0  0.0000   2089.544956  x:  0.00000   0.01319   0.03606   0.01800   0.03652   0.03926   2.00000   0.40000  
  1 99.0000   2089.543479  x:  0.00000   0.01319   0.03606   0.01800   0.03652   0.03926   2.00000   0.40000  
  2 613.1984   2077.936730  x:  0.00000   0.02025   0.01863   0.02822   0.00921   0.01692   2.00051   0.39810  
  3 963.7996   2077.807342  x:  0.00000   0.01832   0.01792   0.02981   0.01070   0.01477   2.00082   0.39699  
  4 68.1109   2077.732485  x:  0.00000   0.01563   0.01813   0.03154   0.00986   0.01515   2.00142   0.39485  
  5 50.1810   2077.019733  x:  0.00000   0.01512   0.01234   0.03244   0.01105   0.01859   2.01859   0.33346  
  6 29.2504   2073.129297  x:  0.00000   0.01485   0.01228   0.03273   0.01129   0.01907   2.08322   0.10208  
  7 1791.6938   2063.644366  x:  0.00000   0.01377   0.01801   0.01188   0.00697   0.01037   5.57228   0.28216  
  8  4.6721   2062.334645  x:  0.00000   0.01006   0.01961   0.00777   0.01001   0.01433   5.94609   0.23050  
  9  0.9017   2062.172223  x:  0.00323   0.00919   0.01998   0.00680   0.01073   0.01525   6.03362   0.21840  
 10 2947.9227   2061.117362  x:  0.00580   0.00835   0.01790   0.00383   0.00969   0.01437   6.33430   0.12135  
 11  0.7448   2060.656285  x:  0.00698   0.01100   0.01417   0.00283   0.00834   0.01320   6.96592   0.13383  
 12  0.5465   2060.268047  x:  0.00895   0.00830   0.01363   0.00079   0.00797   0.01127   8.45574   0.15196  
 13  0.7973   2060.164271  x:  0.00978   0.00842   0.01380   0.00000   0.00811   0.01139   8.70303   0.15087  
 14  2.5499   2060.164271  x:  0.00978   0.00842   0.01380   0.00000   0.00811   0.01139   8.70303   0.15087  
 15  3.6857   2060.034073  x:  0.00991   0.00993   0.01485   0.00013   0.00880   0.01288   8.70304   0.15081  
 16 110.0962   2060.030001  x:  0.00978   0.00986   0.01501   0.00000   0.00872   0.01299   8.70304   0.15077  
 17 23.0233   2060.029128  x:  0.00985   0.00977   0.01514   0.00007   0.00866   0.01303   8.70305   0.15071  
 18  9.9235   2060.028596  x:  0.00984   0.00974   0.01523   0.00006   0.00877   0.01296   8.70308   0.15038  
 19  3.2877   2060.022094  x:  0.00983   0.00998   0.01539   0.00005   0.00856   0.01269   8.70360   0.14548  
 20 13.5695   2060.012646  x:  0.00984   0.00979   0.01516   0.00006   0.00868   0.01298   8.70436   0.13832  
 21 117.5683   2059.585987  x:  0.00898   0.00939   0.01553   0.00004   0.00842   0.01352  10.86664   0.14532  
 22  0.2703   2059.585769  x:  0.00902   0.00939   0.01553   0.00000   0.00842   0.01352  10.86825   0.14532  
 23 228.0037   2059.585769  x:  0.00902   0.00939   0.01553   0.00000   0.00842   0.01352  10.86825   0.14532  
 24  3.1034   2059.565235  x:  0.00946   0.00961   0.01542   0.00045   0.00857   0.01332  10.86825   0.14532  
 25 58.9247   2059.562440  x:  0.00940   0.00976   0.01524   0.00038   0.00868   0.01305  10.86825   0.14530  
 26 15.4662   2059.562339  x:  0.00940   0.00973   0.01520   0.00039   0.00864   0.01303  10.86826   0.14528  
 27  2.9389   2059.562313  x:  0.00940   0.00971   0.01518   0.00039   0.00865   0.01304  10.86827   0.14523  
 28  0.8465   2059.562005  x:  0.00940   0.00978   0.01512   0.00039   0.00863   0.01310  10.86850   0.14433  
 29  2.2031   2059.561299  x:  0.00940   0.00973   0.01519   0.00039   0.00864   0.01303  10.86905   0.14222  
 30 23.9462   2059.369897  x:  0.00898   0.00970   0.01520   0.00074   0.00862   0.01302  12.24134   0.14442  
 31  0.1715   2058.762833  x:  0.00499   0.00969   0.01503   0.00485   0.00860   0.01296  30.36518   0.16745  
 32  4.1056   2058.745395  x:  0.00465   0.00969   0.01519   0.00508   0.00861   0.01300  30.64110   0.15392  
 33  0.2103   2058.743693  x:  0.00444   0.00968   0.01503   0.00536   0.00860   0.01295  32.18881   0.15402  
 34  0.3285   2058.743262  x:  0.00419   0.00969   0.01516   0.00556   0.00861   0.01299  32.68009   0.15455  
 35  0.3544   2058.743259  x:  0.00418   0.00969   0.01515   0.00557   0.00861   0.01299  32.72479   0.15449  
 36  0.0411   2058.743259  x:  0.00417   0.00969   0.01515   0.00558   0.00861   0.01299  32.72699   0.15450  
 37  0.0023   2058.743259  x:  0.00417   0.00969   0.01515   0.00558   0.00861   0.01299  32.72699   0.15450  