

TREE # 1

  0  0.0000    954.474237  x:  0.00000   0.01963   0.04660   0.01800   0.04965   0.04072   2.00000   0.40000  
  1 99.0000    954.473538  x:  0.00000   0.01963   0.04660   0.01800   0.04965   0.04071   2.00000   0.40000  
  2 372.4291    942.172468  x:  0.00000   0.02608   0.03114   0.02410   0.02813   0.00000   2.00028   0.39630  
  3 702.2694    941.758471  x:  0.00000   0.01796   0.02966   0.02781   0.02208   0.00000   2.00054   0.39291  
  4 79.2734    940.427117  x:  0.00000   0.02104   0.04671   0.02550   0.01004   0.00000   2.00880   0.28524  
  5 21.9852    930.915380  x:  0.00000   0.02215   0.05667   0.02430   0.00417   0.00000   2.03052   0.00010  
  6 894.3609    925.320250  x:  0.00000   0.02118   0.01885   0.00000   0.00780   0.00000   2.35773   0.00010  
  7  1.5903    925.320250  x:  0.00000   0.02118   0.01885   0.00000   0.00780   0.00000   2.35773   0.00010  
  8 2462.2904    923.967985  x:  0.00238   0.02123   0.01894   0.00238   0.00807   0.00000   2.35773   0.00010  
  9 2240.1375    923.532898  x:  0.00236   0.02075   0.01933   0.00236   0.01461   0.00000   2.35777   0.00010  
 10 165.9223    923.528032  x:  0.00236   0.01995   0.01993   0.00236   0.01457   0.00000   2.35785   0.00010  
 11  9.7170    923.527768  x:  0.00236   0.01980   0.01974   0.00236   0.01458   0.00000   2.35838   0.00010  
 12  0.9124    922.817777  x:  0.00219   0.02050   0.02034   0.00219   0.01450   0.00000   5.02232   0.00010  
 13  5.1723    922.816909  x:  0.00220   0.02018   0.02007   0.00220   0.01454   0.00000   5.02530   0.00010  
 14  0.0028    922.816899  x:  0.00220   0.02018   0.02007   0.00220   0.01457   0.00000   5.03075   0.00010  
 15  0.0024    922.816897  x:  0.00220   0.02018   0.02007   0.00220   0.01457   0.00000   5.03636   0.00010  
 16  0.0013    922.816896  x:  0.00221   0.02018   0.02007   0.00221   0.01457   0.00000   5.03616   0.00010  
 17  0.0001    922.816896  x:  0.00221   0.02018   0.02007   0.00221   0.01457   0.00000   5.03451   0.00010  
 18  0.0006    922.816896  x:  0.00221   0.02018   0.02007   0.00221   0.01457   0.00000   5.03447   0.00010  
 19  0.0001    922.816896  x:  0.00221   0.02018   0.02007   0.00221   0.01457   0.00000   5.03447   0.00010  