

TREE # 1

  0  0.0000   1932.584690  x:  0.02468   0.03938   0.03931   0.04268   0.02632   0.03237   2.00000   0.40000  
  1 99.0000   1932.526167  x:  0.02674   0.03993   0.04020   0.04474   0.02746   0.03321   2.00033   0.40285  
  2 26.7357   1932.090361  x:  0.02788   0.04081   0.04221   0.04588   0.02193   0.03186   2.00627   0.45233  
  3 28.6799   1931.277786  x:  0.02434   0.03978   0.04094   0.04234   0.02872   0.03177   2.01908   0.55690  
  4 412.1646   1931.248043  x:  0.02463   0.03909   0.03889   0.04263   0.02832   0.03302   2.01983   0.56045  
  5 38.8364   1931.246073  x:  0.02478   0.03913   0.03855   0.04277   0.02839   0.03254   2.02089   0.56057  
  6  3.3301   1930.708441  x:  0.02400   0.04595   0.03694   0.04200   0.02814   0.03397   2.44699   0.58124  
  7 10.3798   1930.344817  x:  0.02483   0.03822   0.03908   0.04282   0.02818   0.03282   2.70660   0.59380  
  8 1161.8866   1930.262007  x:  0.02608   0.04003   0.03975   0.04404   0.02666   0.03279   2.81989   0.63135  
  9  0.0787   1930.256044  x:  0.02566   0.03942   0.03956   0.04362   0.02655   0.03267   2.83797   0.64230  
 10  0.0174   1930.255744  x:  0.02565   0.03952   0.03960   0.04361   0.02666   0.03269   2.83111   0.64438  
 11  0.0051   1930.255731  x:  0.02567   0.03949   0.03960   0.04363   0.02664   0.03269   2.82932   0.64450  
 12  0.0014   1930.255731  x:  0.02567   0.03950   0.03960   0.04363   0.02664   0.03269   2.82891   0.64445  
 13  0.0004   1930.255731  x:  0.02567   0.03950   0.03960   0.04363   0.02664   0.03269   2.82890   0.64445  
 14  0.0000   1930.255731  x:  0.02567   0.03950   0.03960   0.04363   0.02664   0.03269   2.82890   0.64445  
 15  0.0000   1930.255731  x:  0.02567   0.03950   0.03960   0.04363   0.02664   0.03269   2.82890   0.64445  