

TREE # 1

  0  0.0000   3544.246395  x:  0.02392   0.02825   0.04501   0.04191   0.02284   0.02921   2.00000   0.40000  
  1 99.0000   3543.819860  x:  0.02678   0.02633   0.04619   0.04478   0.01989   0.03305   2.00208   0.39307  
  2 87.4222   3539.343738  x:  0.03004   0.02452   0.05782   0.04804   0.03373   0.03948   2.04185   0.26024  
  3 143.3407   3535.710023  x:  0.02879   0.02580   0.05877   0.04678   0.02883   0.03666   2.06940   0.16896  
  4 1736.3830   3535.614646  x:  0.02900   0.02423   0.05559   0.04699   0.02969   0.03693   2.07164   0.16644  
  5 57.5447   3535.577400  x:  0.02946   0.02554   0.05412   0.04745   0.03006   0.03753   2.07394   0.16586  
  6 37.5175   3518.763278  x:  0.02176   0.02550   0.04496   0.03975   0.02091   0.03656   5.03105   0.26755  
  7 32.6727   3518.143511  x:  0.02574   0.02534   0.04504   0.04373   0.02139   0.03073   5.10530   0.27014  
  8 1335.8563   3517.103544  x:  0.02601   0.02835   0.04984   0.04395   0.02128   0.03092   5.42679   0.21975  
  9  0.2214   3516.869399  x:  0.02631   0.02793   0.04511   0.04422   0.02250   0.03102   5.70430   0.21210  
 10  0.2187   3516.674853  x:  0.02603   0.02639   0.04570   0.04395   0.02134   0.03035   6.23624   0.22673  
 11  0.2212   3516.630774  x:  0.02610   0.02700   0.04676   0.04402   0.02201   0.03123   6.45011   0.22418  
 12  0.1916   3516.626372  x:  0.02605   0.02731   0.04647   0.04396   0.02171   0.03105   6.50421   0.22323  
 13  0.0637   3516.626037  x:  0.02605   0.02734   0.04637   0.04397   0.02179   0.03101   6.51944   0.22390  
 14  0.0165   3516.626033  x:  0.02604   0.02734   0.04639   0.04396   0.02179   0.03101   6.52131   0.22393  
 15  0.0018   3516.626033  x:  0.02604   0.02734   0.04639   0.04396   0.02179   0.03101   6.52139   0.22393  
 16  0.0001   3516.626033  x:  0.02603   0.02734   0.04639   0.04397   0.02179   0.03101   6.52140   0.22393  
 17  0.0000   3516.626033  x:  0.02603   0.02734   0.04639   0.04397   0.02179   0.03101   6.52139   0.22393  
 18  0.0000   3516.626033  x:  0.02603   0.02734   0.04639   0.04397   0.02179   0.03101   6.52139   0.22393  