

TREE # 1

  0  0.0000   3284.615363  x:  0.01757   0.02783   0.06554   0.03556   0.03343   0.03434   2.00000   0.40000  
  1 99.0000   3282.786559  x:  0.01987   0.01813   0.07225   0.03787   0.03711   0.03425   2.00337   0.37382  
  2 113.7857   3266.432835  x:  0.02642   0.02878   0.11522   0.04441   0.04964   0.03271   2.03413   0.13420  
  3 679.7545   3264.202769  x:  0.02341   0.02652   0.11391   0.04141   0.04561   0.03333   2.03922   0.09559  
  4 1039.3298   3264.079181  x:  0.02605   0.02671   0.11060   0.04404   0.04584   0.03394   2.04088   0.09293  
  5 51.2942   3264.040753  x:  0.02585   0.02678   0.10893   0.04384   0.04796   0.03256   2.04372   0.09240  
  6 21.0956   3263.972680  x:  0.02521   0.02690   0.10795   0.04320   0.05014   0.03481   2.05318   0.09231  
  7 27.2198   3252.538338  x:  0.02477   0.02185   0.08222   0.04276   0.03627   0.03179   4.35566   0.12627  
  8 112.3361   3251.673439  x:  0.02095   0.02263   0.06952   0.03890   0.03590   0.03430   4.22774   0.12391  
  9  0.1906   3251.483971  x:  0.01906   0.02497   0.07278   0.03701   0.03497   0.03533   4.17704   0.12099  
 10  0.0739   3251.448176  x:  0.01982   0.02624   0.07199   0.03777   0.03516   0.03530   4.09719   0.12090  
 11  0.0748   3251.441382  x:  0.01963   0.02616   0.07199   0.03759   0.03475   0.03508   4.02233   0.12058  
 12  0.0468   3251.440312  x:  0.01962   0.02608   0.07213   0.03758   0.03507   0.03509   4.00903   0.12066  
 13  0.0164   3251.440219  x:  0.01966   0.02602   0.07216   0.03763   0.03504   0.03513   4.00874   0.12070  
 14  0.0003   3251.440218  x:  0.01965   0.02602   0.07214   0.03763   0.03504   0.03513   4.00856   0.12070  
 15  0.0002   3251.440218  x:  0.01965   0.02602   0.07214   0.03763   0.03504   0.03513   4.00855   0.12070  
 16  0.0000   3251.440218  x:  0.01964   0.02602   0.07214   0.03764   0.03504   0.03513   4.00860   0.12070  
 17  0.0000   3251.440218  x:  0.01964   0.02602   0.07214   0.03764   0.03504   0.03513   4.00857   0.12070  
 18  0.0000   3251.440218  x:  0.01964   0.02602   0.07214   0.03764   0.03504   0.03513   4.00857   0.12070  
 19  0.0000   3251.440218  x:  0.01964   0.02602   0.07214   0.03764   0.03504   0.03513   4.00857   0.12070  
check convergence!
