

TREE # 1

  0  0.0000   2508.028100  x:  0.01205   0.02007   0.01370   0.03005   0.01256   0.00600   2.00000   0.40000  
  1 99.0000   2507.921089  x:  0.01193   0.01908   0.01522   0.02993   0.01232   0.00725   2.00031   0.39701  
  2 59.8575   2507.486842  x:  0.01159   0.01647   0.01784   0.02959   0.01185   0.00491   2.00194   0.38153  
  3 167.3043   2495.184362  x:  0.01042   0.01014   0.01750   0.02842   0.02183   0.00457   2.03392   0.07574  
  4 677.1771   2494.546592  x:  0.01059   0.01148   0.01835   0.02859   0.02082   0.00441   2.03640   0.05210  
  5 3655.4954   2494.504718  x:  0.01087   0.01085   0.01761   0.02887   0.01967   0.00459   2.03671   0.05039  
  6 75.8499   2494.502051  x:  0.01058   0.01086   0.01753   0.02858   0.01954   0.00461   2.03723   0.05037  
  7  6.0697   2491.330891  x:  0.01205   0.01435   0.01593   0.03004   0.00996   0.00542   2.91971   0.06909  
  8 13.4990   2490.723875  x:  0.01250   0.01629   0.01482   0.03045   0.01432   0.00628   3.31657   0.07145  
  9  0.6797   2490.494771  x:  0.01282   0.01948   0.01447   0.03077   0.01240   0.00645   3.53483   0.07098  
 10  0.1377   2490.490569  x:  0.01261   0.01955   0.01473   0.03057   0.01254   0.00625   3.57051   0.07135  
 11  0.0299   2490.490316  x:  0.01259   0.01957   0.01462   0.03055   0.01254   0.00623   3.58007   0.07155  
 12  0.0107   2490.490279  x:  0.01259   0.01956   0.01463   0.03057   0.01253   0.00624   3.58797   0.07165  
 13  0.0044   2490.490276  x:  0.01258   0.01955   0.01463   0.03057   0.01253   0.00624   3.58894   0.07162  
 14  0.0006   2490.490276  x:  0.01258   0.01955   0.01463   0.03058   0.01253   0.00624   3.58896   0.07162  
 15  0.0000   2490.490276  x:  0.01257   0.01955   0.01463   0.03058   0.01253   0.00624   3.58897   0.07162  
 16  0.0000   2490.490276  x:  0.01257   0.01955   0.01463   0.03058   0.01253   0.00624   3.58897   0.07162  
 17  0.0000   2490.490276  x:  0.01257   0.01955   0.01463   0.03058   0.01253   0.00624   3.58897   0.07162  