

TREE # 1

  0  0.0000   1536.410443  x:  0.00635   0.00908   0.01994   0.02434   0.07242   0.01791   2.00000   0.40000  
  1 99.0000   1536.326616  x:  0.00695   0.00714   0.02060   0.02495   0.07293   0.01655   2.00020   0.39910  
  2 56.2808   1536.285915  x:  0.00738   0.00787   0.02157   0.02537   0.07391   0.01513   2.00064   0.39713  
  3 35.7749   1535.976089  x:  0.00633   0.00740   0.02367   0.02433   0.08530   0.01702   2.00718   0.36764  
  4 42.1645   1535.529667  x:  0.00801   0.00791   0.01759   0.02601   0.09087   0.01593   2.01670   0.32477  
  5 173.1311   1534.130791  x:  0.00647   0.00764   0.01867   0.02446   0.08689   0.01500   2.04390   0.20266  
  6 362.5573   1534.095246  x:  0.00751   0.00776   0.01921   0.02551   0.08664   0.01598   2.04491   0.19880  
  7 85.4825   1532.311925  x:  0.00743   0.00760   0.02135   0.02540   0.07655   0.01640   3.44234   0.28104  
  8  3.1292   1532.159634  x:  0.00680   0.00751   0.02071   0.02474   0.07529   0.01558   3.57072   0.24389  
  9  0.1289   1532.147741  x:  0.00725   0.00758   0.02074   0.02519   0.07654   0.01587   3.67925   0.24389  
 10  0.0721   1532.144938  x:  0.00714   0.00757   0.02088   0.02510   0.07590   0.01589   3.74625   0.24669  
 11  0.0451   1532.144793  x:  0.00710   0.00756   0.02083   0.02506   0.07603   0.01583   3.75544   0.24655  
 12  0.0088   1532.144792  x:  0.00710   0.00756   0.02082   0.02507   0.07602   0.01583   3.75588   0.24660  
 13  0.0004   1532.144792  x:  0.00709   0.00756   0.02082   0.02507   0.07602   0.01583   3.75590   0.24659  
 14  0.0000   1532.144792  x:  0.00709   0.00756   0.02082   0.02508   0.07602   0.01583   3.75589   0.24659  
 15  0.0000   1532.144792  x:  0.00709   0.00756   0.02082   0.02508   0.07602   0.01583   3.75589   0.24659  
 16  0.0000   1532.144792  x:  0.00709   0.00756   0.02082   0.02508   0.07602   0.01583   3.75589   0.24659  