

TREE # 1

  0  0.0000   1830.964532  x:  0.03474   0.03159   0.02787   0.05274   0.03687   0.04205   2.00000   0.40000  
  1 99.0000   1830.670966  x:  0.03534   0.02592   0.02974   0.05334   0.03327   0.04505   2.00245   0.38981  
  2 43.3686   1827.435987  x:  0.03866   0.03600   0.03557   0.05666   0.02754   0.05907   2.04036   0.23181  
  3 103.2509   1826.292022  x:  0.03820   0.03214   0.03215   0.05620   0.03246   0.05681   2.05473   0.17322  
  4 641.4719   1826.194255  x:  0.03780   0.03229   0.03213   0.05580   0.02963   0.05298   2.05699   0.16792  
  5 56.2105   1826.179570  x:  0.03816   0.03217   0.03374   0.05616   0.03011   0.05207   2.05913   0.16756  
  6 11.7139   1825.462201  x:  0.04801   0.03167   0.02914   0.06601   0.02983   0.04891   2.25875   0.17415  
  7 15.4661   1820.986300  x:  0.03097   0.02922   0.03161   0.04897   0.03272   0.04516   3.55059   0.21790  
  8 871.6498   1820.345619  x:  0.03904   0.02974   0.02854   0.05701   0.03560   0.04445   3.97854   0.21226  
  9  0.3561   1820.141931  x:  0.03610   0.03034   0.02849   0.05407   0.03598   0.04324   4.53417   0.21492  
 10  0.2459   1820.131878  x:  0.03671   0.03007   0.02901   0.05467   0.03551   0.04429   4.60164   0.21600  
 11  0.0638   1820.130398  x:  0.03684   0.02979   0.02890   0.05481   0.03538   0.04391   4.62191   0.21681  
 12  0.0268   1820.130337  x:  0.03681   0.02982   0.02884   0.05478   0.03535   0.04393   4.62923   0.21675  
 13  0.0071   1820.130336  x:  0.03681   0.02982   0.02885   0.05478   0.03534   0.04392   4.63006   0.21673  
 14  0.0009   1820.130335  x:  0.03681   0.02982   0.02885   0.05478   0.03534   0.04392   4.63014   0.21672  
 15  0.0001   1820.130335  x:  0.03681   0.02982   0.02885   0.05478   0.03534   0.04392   4.63014   0.21672  
 16  0.0000   1820.130335  x:  0.03680   0.02982   0.02885   0.05478   0.03534   0.04392   4.63013   0.21672  
 17  0.0000   1820.130335  x:  0.03680   0.02982   0.02885   0.05478   0.03534   0.04392   4.63013   0.21672  