

TREE # 1

  0  0.0000   1130.789875  x:  0.01782   0.01690   0.09425   0.03582   0.02280   0.04565   2.00000   0.40000  
  1 99.0000   1130.574607  x:  0.01763   0.01170   0.09555   0.03562   0.02408   0.04308   2.00112   0.39177  
  2 37.9402   1129.112944  x:  0.01840   0.01508   0.10719   0.03640   0.02948   0.02654   2.01189   0.31202  
  3 104.2911   1125.336480  x:  0.01889   0.01480   0.12560   0.03688   0.03076   0.03095   2.03552   0.13640  
  4 544.9400   1125.201438  x:  0.01860   0.01451   0.11966   0.03660   0.02643   0.02875   2.03740   0.12734  
  5 43.0075   1125.137312  x:  0.01894   0.01479   0.11317   0.03694   0.02945   0.02848   2.03923   0.12270  
  6 27.0586   1125.122289  x:  0.01750   0.01497   0.11290   0.03550   0.02969   0.02852   2.04689   0.12302  
  7  3.1278   1123.480966  x:  0.01897   0.01496   0.09216   0.03696   0.02491   0.03318   3.06176   0.17374  
  8 52.1102   1123.009040  x:  0.01867   0.01497   0.10455   0.03665   0.02347   0.04078   3.32866   0.14985  
  9  0.4177   1122.962838  x:  0.01822   0.01511   0.09891   0.03620   0.02379   0.04324   3.38370   0.15016  
 10  0.0488   1122.959946  x:  0.01837   0.01504   0.09950   0.03635   0.02372   0.04373   3.42674   0.15289  
 11  0.0330   1122.959831  x:  0.01835   0.01506   0.09953   0.03633   0.02370   0.04380   3.43847   0.15250  
 12  0.0082   1122.959810  x:  0.01835   0.01506   0.09949   0.03633   0.02372   0.04372   3.44296   0.15263  
 13  0.0024   1122.959809  x:  0.01835   0.01506   0.09950   0.03634   0.02371   0.04372   3.44300   0.15262  
 14  0.0000   1122.959809  x:  0.01835   0.01506   0.09950   0.03634   0.02371   0.04372   3.44298   0.15262  
 15  0.0000   1122.959809  x:  0.01834   0.01506   0.09950   0.03634   0.02371   0.04372   3.44303   0.15262  