

TREE # 1

  0  0.0000   1048.706832  x:  0.00000   0.01002   0.04043   0.01800   0.01903   0.02768   2.00000   0.40000  
  1 99.0000   1048.705906  x:  0.00000   0.01002   0.04042   0.01800   0.01903   0.02768   2.00000   0.40000  
  2 103.7467   1048.601407  x:  0.00000   0.01293   0.03954   0.02011   0.01679   0.02633   2.00008   0.39824  
  3 55.8119   1048.495689  x:  0.00000   0.01078   0.03753   0.02440   0.01705   0.02590   2.00058   0.38772  
  4 21.8826   1045.359275  x:  0.00000   0.01202   0.02356   0.02115   0.02015   0.02560   2.01276   0.12882  
  5 85.4330   1044.957658  x:  0.00000   0.01171   0.02622   0.02199   0.01961   0.02548   2.01477   0.08604  
  6 1082.8035   1044.956140  x:  0.00000   0.01169   0.02616   0.02203   0.01927   0.02610   2.01490   0.08593  
  7  3.0207   1043.941258  x:  0.00000   0.00960   0.03660   0.02155   0.01098   0.02464   2.27112   0.11545  
  8  0.7439   1043.820743  x:  0.00000   0.00914   0.03719   0.01794   0.01098   0.02195   2.17682   0.10501  
  9  0.1191   1043.819860  x:  0.00061   0.00910   0.03725   0.01761   0.01098   0.02170   2.16833   0.10407  
 10 41.4916   1043.815991  x:  0.00082   0.00915   0.03773   0.01735   0.01146   0.02201   2.14312   0.10203  
 11  0.0324   1043.815371  x:  0.00088   0.00919   0.03789   0.01730   0.01126   0.02217   2.13456   0.10124  
 12  0.0135   1043.815305  x:  0.00087   0.00918   0.03802   0.01732   0.01126   0.02215   2.13661   0.10159  
 13  0.0019   1043.815305  x:  0.00087   0.00918   0.03802   0.01731   0.01126   0.02215   2.13663   0.10157  
 14  0.0000   1043.815305  x:  0.00087   0.00918   0.03802   0.01731   0.01126   0.02215   2.13665   0.10156  