

TREE # 1

  0  0.0000   1732.678895  x:  0.00534   0.01002   0.01294   0.02334   0.00234   0.01037   2.00000   0.40000  
  1 99.0000   1732.673125  x:  0.00533   0.01009   0.01292   0.02333   0.00261   0.01034   2.00002   0.39992  
  2 40.7936   1732.665585  x:  0.00523   0.01065   0.01278   0.02323   0.00257   0.01010   2.00023   0.39910  
  3 16.3391   1732.186943  x:  0.00283   0.00999   0.00990   0.02083   0.00258   0.01136   2.01967   0.32354  
  4 30.9836   1731.176694  x:  0.00309   0.01019   0.01132   0.02109   0.00258   0.01113   2.05497   0.18630  
  5 2409.0831   1731.160412  x:  0.00354   0.01011   0.01069   0.02154   0.00258   0.01098   2.05574   0.18355  
  6 114.1255   1731.148083  x:  0.00341   0.00976   0.01071   0.02141   0.00258   0.01027   2.06510   0.18398  
  7  2.5238   1729.278434  x:  0.00623   0.01072   0.01298   0.02418   0.00259   0.01065   4.02463   0.27694  
  8 334.5412   1729.044247  x:  0.00546   0.01041   0.01329   0.02333   0.00259   0.01024   4.30453   0.21633  
  9  0.2481   1728.997137  x:  0.00532   0.01012   0.01243   0.02320   0.00259   0.01013   4.79736   0.22989  
 10  0.1782   1728.988274  x:  0.00542   0.01035   0.01281   0.02332   0.00259   0.01024   4.97048   0.22462  
 11  0.1206   1728.987818  x:  0.00545   0.01034   0.01286   0.02336   0.00259   0.01022   5.00116   0.22713  
 12  0.0290   1728.987808  x:  0.00543   0.01032   0.01286   0.02336   0.00259   0.01022   5.00765   0.22705  
 13  0.0058   1728.987808  x:  0.00542   0.01032   0.01286   0.02337   0.00259   0.01022   5.00778   0.22706  
 14  0.0001   1728.987808  x:  0.00542   0.01032   0.01286   0.02337   0.00259   0.01022   5.00777   0.22706  
 15  0.0000   1728.987808  x:  0.00542   0.01032   0.01286   0.02337   0.00259   0.01022   5.00777   0.22706  
 16  0.0000   1728.987808  x:  0.00542   0.01032   0.01286   0.02337   0.00259   0.01022   5.00777   0.22706  
 17  0.0001   1728.987808  x:  0.00542   0.01032   0.01286   0.02337   0.00259   0.01022   5.00777   0.22706  
check convergence!
