

TREE # 1

  0  0.0000   1636.831686  x:  0.00000   0.03824   0.05117   0.01800   0.05815   0.05566   2.00000   0.40000  
  1 99.0000   1633.346671  x:  0.01314   0.04893   0.03824   0.03113   0.04532   0.04117   1.99997   0.40016  
  2 271.4755   1630.197242  x:  0.00794   0.05926   0.02058   0.02593   0.03370   0.02091   1.99992   0.40042  
  3 292.8731   1629.302957  x:  0.00764   0.06570   0.01312   0.02564   0.04165   0.01266   1.99987   0.40067  
  4 147.7588   1629.204670  x:  0.00708   0.07107   0.01248   0.02507   0.04208   0.01417   1.99983   0.40093  
  5 40.5757   1629.185326  x:  0.00694   0.07246   0.01349   0.02494   0.04213   0.01369   1.99980   0.40105  
  6 35.0462   1629.146646  x:  0.00690   0.07212   0.01358   0.02489   0.04228   0.01370   1.99323   0.43422  
  7  1.4101   1628.536898  x:  0.00460   0.06581   0.01575   0.02254   0.05076   0.01661   1.80236   0.41481  
  8  0.3585   1628.489450  x:  0.00413   0.06586   0.01567   0.02207   0.05198   0.01618   1.94695   0.41993  
  9  0.4171   1628.478449  x:  0.00393   0.06677   0.01508   0.02188   0.05279   0.01531   1.92376   0.41874  
 10  0.0347   1628.477656  x:  0.00408   0.06668   0.01505   0.02204   0.05307   0.01524   1.92291   0.41854  
 11  0.0013   1628.477622  x:  0.00406   0.06661   0.01507   0.02203   0.05313   0.01525   1.92104   0.41853  
 12  0.0018   1628.477622  x:  0.00405   0.06662   0.01507   0.02204   0.05313   0.01525   1.92101   0.41853  
 13  0.0000   1628.477622  x:  0.00405   0.06662   0.01507   0.02204   0.05313   0.01525   1.92101   0.41853  