

TREE # 1

  0  0.0000   2153.251311  x:  0.02904   0.03261   0.05045   0.04704   0.04116   0.06254   2.00000   0.40000  
  1 99.0000   2153.212971  x:  0.02886   0.03498   0.04976   0.04686   0.04167   0.06397   2.00223   0.39833  
  2 19.3964   2152.976379  x:  0.02856   0.03196   0.04700   0.04656   0.04193   0.07079   2.02929   0.37818  
  3 27.4351   2152.167200  x:  0.03032   0.03341   0.05308   0.04831   0.03908   0.07001   2.12271   0.31039  
  4 187.8173   2151.984461  x:  0.02883   0.03336   0.04990   0.04683   0.04225   0.06575   2.14650   0.29603  
  5 156.7824   2151.871922  x:  0.03030   0.03387   0.04638   0.04830   0.03949   0.06430   2.16720   0.29589  
  6 31.5393   2144.570094  x:  0.02714   0.03353   0.05230   0.04513   0.04477   0.06003   4.13369   0.45477  
  7 147.9976   2144.566905  x:  0.02761   0.03349   0.05231   0.04560   0.04526   0.06005   4.13434   0.45482  
  8  9.6306   2143.816359  x:  0.03022   0.03355   0.05057   0.04817   0.03828   0.06848   4.43318   0.39479  
  9  0.1992   2143.577584  x:  0.03022   0.03356   0.04948   0.04817   0.04146   0.06419   4.71401   0.36311  
 10  0.1796   2143.522401  x:  0.02912   0.03364   0.05050   0.04706   0.04161   0.06311   4.91408   0.37884  
 11  0.1086   2143.509413  x:  0.02944   0.03359   0.05030   0.04739   0.04114   0.06431   5.03960   0.37629  
 12  0.0887   2143.509005  x:  0.02956   0.03359   0.05020   0.04751   0.04122   0.06411   5.05130   0.37709  
 13  0.0106   2143.509004  x:  0.02956   0.03359   0.05020   0.04751   0.04122   0.06411   5.05172   0.37713  
 14  0.0004   2143.509004  x:  0.02956   0.03359   0.05020   0.04751   0.04122   0.06411   5.05172   0.37714  
 15  0.0000   2143.509004  x:  0.02955   0.03359   0.05020   0.04751   0.04122   0.06411   5.05172   0.37714  
 16  0.0000   2143.509004  x:  0.02955   0.03359   0.05020   0.04751   0.04122   0.06411   5.05172   0.37714  
 17  0.0000   2143.509004  x:  0.02955   0.03359   0.05020   0.04751   0.04122   0.06411   5.05172   0.37714  
 18  0.0000   2143.509004  x:  0.02955   0.03359   0.05020   0.04751   0.04122   0.06411   5.05172   0.37714  
check convergence!
