

TREE # 1

  0  0.0000   2586.398710  x:  0.01774   0.01553   0.06040   0.03573   0.01878   0.02935   2.00000   0.40000  
  1 99.0000   2585.868931  x:  0.02079   0.01399   0.06124   0.03878   0.02320   0.02454   2.00181   0.38817  
  2 74.3641   2574.824969  x:  0.02368   0.01367   0.07786   0.04168   0.01450   0.01793   2.03911   0.14287  
  3 204.9663   2573.666426  x:  0.02347   0.01345   0.07863   0.04147   0.01771   0.02102   2.04452   0.10778  
  4 1983.3944   2573.541959  x:  0.02257   0.01304   0.07369   0.04056   0.01749   0.01970   2.04611   0.10374  
  5 53.6255   2573.520697  x:  0.02323   0.01388   0.07245   0.04122   0.01717   0.01991   2.04692   0.10311  
  6 30.7857   2573.514074  x:  0.02354   0.01344   0.07216   0.04154   0.01691   0.02018   2.04774   0.10303  
  7 15.6556   2567.706800  x:  0.02047   0.01397   0.05738   0.03846   0.02188   0.02447   3.71555   0.15192  
  8 17.2622   2567.303930  x:  0.01993   0.01429   0.06613   0.03789   0.02028   0.02564   3.94675   0.14272  
  9  0.3667   2567.196184  x:  0.01947   0.01459   0.06350   0.03742   0.01992   0.02816   4.10109   0.13765  
 10  0.1017   2567.186023  x:  0.02013   0.01442   0.06346   0.03809   0.02014   0.02816   4.17372   0.13858  
 11  0.0587   2567.181801  x:  0.01984   0.01441   0.06347   0.03781   0.02022   0.02796   4.24291   0.13990  
 12  0.0403   2567.181687  x:  0.01987   0.01444   0.06347   0.03784   0.02017   0.02792   4.24764   0.13964  
 13  0.0041   2567.181685  x:  0.01986   0.01444   0.06346   0.03784   0.02018   0.02791   4.24752   0.13962  
 14  0.0001   2567.181685  x:  0.01986   0.01444   0.06346   0.03784   0.02018   0.02791   4.24744   0.13962  
 15  0.0001   2567.181685  x:  0.01986   0.01444   0.06346   0.03785   0.02018   0.02791   4.24747   0.13962  
 16  0.0000   2567.181685  x:  0.01985   0.01444   0.06346   0.03785   0.02018   0.02791   4.24746   0.13962  
 17  0.0000   2567.181685  x:  0.01985   0.01444   0.06346   0.03785   0.02018   0.02791   4.24746   0.13962  
 18  0.0000   2567.181685  x:  0.01985   0.01444   0.06346   0.03785   0.02018   0.02791   4.24746   0.13962  
 19  0.0000   2567.181685  x:  0.01985   0.01444   0.06346   0.03785   0.02018   0.02791   4.24746   0.13962  
check convergence!
