

TREE # 1

  0  0.0000   2897.809157  x:  0.02261   0.02759   0.02108   0.04060   0.19739   0.03300   2.00000   0.40000  
  1 99.0000   2897.550563  x:  0.02067   0.02573   0.02388   0.03866   0.20004   0.02972   2.00034   0.39684  
  2 74.9563   2896.998529  x:  0.02032   0.02625   0.01956   0.03832   0.21410   0.02620   2.00245   0.37769  
  3 67.1676   2896.305328  x:  0.02276   0.02746   0.02332   0.04075   0.23209   0.02940   2.00571   0.34817  
  4 269.8634   2895.838889  x:  0.02068   0.02327   0.02188   0.03867   0.23169   0.03369   2.00882   0.32130  
  5 91.3169   2895.142454  x:  0.01911   0.02781   0.02241   0.03711   0.22554   0.03295   2.01396   0.27810  
  6 272.5339   2894.963588  x:  0.02168   0.02617   0.02252   0.03967   0.22311   0.03052   2.01555   0.26632  
  7 147.5513   2894.611714  x:  0.02181   0.02625   0.02257   0.03981   0.22145   0.03016   2.31024   0.27897  
  8  2.4782   2894.568494  x:  0.02194   0.02655   0.02268   0.03991   0.21566   0.02963   2.29271   0.28485  
  9  0.0232   2894.568027  x:  0.02188   0.02659   0.02270   0.03985   0.21537   0.02983   2.29049   0.28428  
 10  0.0025   2894.568022  x:  0.02188   0.02659   0.02272   0.03986   0.21540   0.02983   2.28982   0.28429  
 11  0.0006   2894.568022  x:  0.02188   0.02659   0.02272   0.03986   0.21539   0.02983   2.28980   0.28428  
 12  0.0000   2894.568022  x:  0.02188   0.02659   0.02272   0.03986   0.21539   0.02983   2.28980   0.28428  