

TREE # 1

  0  0.0000   2345.065381  x:  0.00000   0.00659   0.02331   0.01800   0.02125   0.04176   2.00000   0.40000  
  1 99.0000   2345.060953  x:  0.00000   0.00659   0.02330   0.01800   0.02123   0.04175   2.00000   0.40000  
  2 258.7241   2344.347527  x:  0.00000   0.01122   0.01965   0.01896   0.01566   0.03875   2.00029   0.39684  
  3 248.3659   2342.684508  x:  0.00000   0.01088   0.01800   0.01900   0.02115   0.02623   2.00514   0.34396  
  4 63.3532   2323.810664  x:  0.00000   0.01032   0.02243   0.01999   0.02062   0.01966   2.03414   0.02559  
  5 967.9050   2323.613378  x:  0.00000   0.01050   0.02057   0.01988   0.02158   0.02040   2.03480   0.01882  
  6 469.2628   2323.522364  x:  0.00000   0.01096   0.02034   0.01721   0.02158   0.02058   2.05751   0.01936  
  7  4.3005   2322.214129  x:  0.01104   0.01244   0.01422   0.00817   0.02333   0.02488   2.47225   0.02965  
  8 630.8701   2321.868319  x:  0.00000   0.01054   0.01397   0.01904   0.02371   0.02498   2.45726   0.02937  
  9 47.3212   2319.165287  x:  0.00000   0.00796   0.02102   0.01274   0.01601   0.03031   3.26003   0.02771  
 10  2.9274   2318.578875  x:  0.00702   0.00721   0.02297   0.01121   0.01387   0.03178   3.48251   0.02725  
 11 5641.7386   2318.472931  x:  0.00000   0.00620   0.02281   0.01823   0.01413   0.03179   3.47016   0.02707  
 12  1.0599   2318.423279  x:  0.00000   0.00604   0.02221   0.02027   0.01382   0.03215   3.48027   0.02696  
 13  0.0680   2318.057933  x:  0.00000   0.00638   0.01838   0.01865   0.01117   0.03498   3.63446   0.02668  
 14  0.8550   2317.931216  x:  0.00000   0.00644   0.01689   0.01827   0.01315   0.03657   3.71837   0.02688  
 15  0.1208   2317.905746  x:  0.00000   0.00572   0.01761   0.01806   0.01333   0.03708   3.79942   0.02667  
 16  0.0581   2317.905744  x:  0.00002   0.00572   0.01761   0.01806   0.01333   0.03708   3.79954   0.02667  
 17  2.7320   2317.903711  x:  0.00000   0.00565   0.01745   0.01809   0.01329   0.03707   3.80309   0.02658  
 18  0.0068   2317.902257  x:  0.00000   0.00555   0.01722   0.01814   0.01325   0.03690   3.79102   0.02645  
 19  0.0109   2317.902068  x:  0.00000   0.00553   0.01726   0.01806   0.01328   0.03684   3.77564   0.02645  
 20  0.0087   2317.902049  x:  0.00005   0.00553   0.01727   0.01804   0.01329   0.03683   3.77166   0.02646  
 21 59.0034   2317.902023  x:  0.00006   0.00554   0.01725   0.01803   0.01328   0.03686   3.76562   0.02645  
 22  0.0036   2317.902020  x:  0.00007   0.00554   0.01726   0.01803   0.01328   0.03687   3.76501   0.02644  
 23  0.0005   2317.902020  x:  0.00007   0.00554   0.01726   0.01803   0.01328   0.03687   3.76501   0.02644  
 24  0.0000   2317.902020  x:  0.00007   0.00554   0.01726   0.01803   0.01328   0.03687   3.76501   0.02644  
 25  0.0000   2317.902020  x:  0.00007   0.00554   0.01726   0.01803   0.01328   0.03687   3.76501   0.02644  
 26  0.0000   2317.902020  x:  0.00007   0.00554   0.01726   0.01803   0.01328   0.03687   3.76501   0.02644  
check convergence!
