

TREE # 1

  0  0.0000    844.863430  x:  0.00000   0.01476   0.05696   0.01800   0.00973   0.01262   2.00000   0.40000  
  1 99.0000    843.531930  x:  0.00528   0.00954   0.05902   0.02327   0.01810   0.00566   2.00010   0.39868  
  2 193.1617    843.407010  x:  0.00472   0.00629   0.06063   0.02271   0.01757   0.00493   2.00020   0.39741  
  3 60.8578    843.306611  x:  0.00526   0.00574   0.06626   0.02325   0.01783   0.00684   2.00063   0.39210  
  4 34.7676    843.163964  x:  0.00498   0.00731   0.07391   0.02297   0.01701   0.00515   2.00134   0.38314  
  5 115.0851    841.977792  x:  0.00000   0.00825   0.07645   0.01800   0.02400   0.00565   2.00877   0.28891  
  6 41.9686    841.977792  x:  0.00000   0.00825   0.07645   0.01800   0.02400   0.00565   2.00877   0.28891  
  7 1876.4349    841.457453  x:  0.00571   0.00727   0.07489   0.02370   0.01985   0.00543   2.00887   0.28751  
  8 128.2882    841.311274  x:  0.00504   0.00603   0.07241   0.02303   0.01529   0.00587   2.00905   0.28497  
  9 51.8042    841.241686  x:  0.00485   0.00792   0.06955   0.02284   0.01413   0.00495   2.00931   0.28140  
 10 44.1669    841.061775  x:  0.00498   0.00869   0.06087   0.02297   0.01529   0.00710   2.01023   0.26867  
 11 83.0278    840.922834  x:  0.00496   0.00685   0.05614   0.02295   0.01660   0.00516   2.01100   0.25797  
 12 138.2538    838.679052  x:  0.00505   0.00706   0.05728   0.02304   0.01674   0.00528   2.02215   0.10260  
 13 86.8354    837.870234  x:  0.00482   0.00705   0.06977   0.02278   0.01707   0.00551   3.27753   0.10892  
 14  1.2615    837.861473  x:  0.00481   0.00712   0.07004   0.02276   0.01699   0.00559   3.28404   0.10270  
 15  0.0297    837.860519  x:  0.00475   0.00726   0.07038   0.02271   0.01679   0.00574   3.27900   0.10298  
 16  0.0052    837.860459  x:  0.00474   0.00724   0.07055   0.02271   0.01677   0.00571   3.27428   0.10292  
 17  0.0041    837.860456  x:  0.00474   0.00724   0.07055   0.02271   0.01678   0.00571   3.27127   0.10293  
 18  0.0018    837.860456  x:  0.00473   0.00724   0.07054   0.02272   0.01678   0.00571   3.27093   0.10292  
 19  0.0003    837.860456  x:  0.00473   0.00724   0.07054   0.02272   0.01678   0.00571   3.27090   0.10293  
 20  0.0000    837.860456  x:  0.00473   0.00724   0.07054   0.02272   0.01678   0.00571   3.27090   0.10293  
 21  0.0000    837.860456  x:  0.00473   0.00724   0.07054   0.02272   0.01678   0.00571   3.27090   0.10293  
check convergence!
