

TREE # 1

  0  0.0000   1640.585630  x:  0.01071   0.03462   0.00669   0.02870   0.01741   0.03020   2.00000   0.40000  
  1 99.0000   1640.506294  x:  0.01144   0.03500   0.00522   0.02944   0.01650   0.03082   2.00014   0.39914  
  2 64.5696   1640.438615  x:  0.01260   0.03580   0.00598   0.03060   0.01504   0.03203   2.00048   0.39696  
  3 61.1541   1640.074570  x:  0.01259   0.04026   0.00591   0.03059   0.01882   0.03840   2.00506   0.36814  
  4 44.5307   1637.692400  x:  0.00679   0.04428   0.00562   0.02479   0.01339   0.04221   2.03005   0.21054  
  5 319.4798   1636.799646  x:  0.00877   0.04332   0.00573   0.02677   0.01506   0.04059   2.04023   0.14663  
  6 1481.0000   1636.795957  x:  0.00874   0.04243   0.00574   0.02674   0.01504   0.04119   2.04121   0.14651  
  7  4.7609   1634.717631  x:  0.01279   0.03728   0.00595   0.03077   0.01687   0.03420   3.38544   0.20485  
  8  6.0478   1634.599431  x:  0.01243   0.03619   0.00588   0.03038   0.01552   0.03187   3.48179   0.18507  
  9  0.0958   1634.595349  x:  0.01240   0.03602   0.00587   0.03035   0.01572   0.03251   3.51348   0.18265  
 10  0.0317   1634.594666  x:  0.01245   0.03624   0.00588   0.03041   0.01582   0.03240   3.54031   0.18299  
 11  0.0201   1634.594532  x:  0.01246   0.03615   0.00588   0.03043   0.01578   0.03241   3.55278   0.18344  
 12  0.0103   1634.594529  x:  0.01245   0.03616   0.00588   0.03043   0.01577   0.03241   3.55384   0.18341  
 13  0.0010   1634.594529  x:  0.01245   0.03615   0.00588   0.03043   0.01577   0.03241   3.55390   0.18342  
 14  0.0001   1634.594529  x:  0.01244   0.03615   0.00588   0.03043   0.01577   0.03241   3.55389   0.18343  