

TREE # 1

  0  0.0000   1534.653343  x:  0.00243   0.01473   0.03753   0.02043   0.03141   0.01833   2.00000   0.40000  
  1 99.0000   1534.309898  x:  0.00000   0.01722   0.03695   0.01800   0.03039   0.01895   2.00149   0.38968  
  2 51.9068   1525.952778  x:  0.00863   0.04342   0.02504   0.02662   0.01206   0.02725   2.04376   0.09614  
  3 351.4568   1524.291869  x:  0.00936   0.04647   0.02415   0.02735   0.01273   0.02807   2.05111   0.04495  
  4 6423.5257   1524.272020  x:  0.00924   0.04608   0.02519   0.02724   0.01217   0.02788   2.05151   0.04413  
  5 34.1850   1524.124621  x:  0.00881   0.04310   0.02574   0.02681   0.01206   0.03473   2.08760   0.04428  
  6  6.9845   1522.681051  x:  0.00551   0.03011   0.01993   0.02350   0.00945   0.03165   2.40586   0.04728  
  7 204.4292   1511.593210  x:  0.00240   0.01919   0.03836   0.02036   0.02008   0.01289   5.54277   0.08500  
  8 3668.0163   1510.229886  x:  0.00198   0.01296   0.03948   0.01993   0.02238   0.02300   5.86524   0.07010  
  9  0.7414   1509.539378  x:  0.00344   0.01834   0.03918   0.02140   0.02504   0.02437   6.20030   0.04986  
 10  0.7185   1509.172631  x:  0.00294   0.01499   0.03878   0.02092   0.02766   0.02085   6.61022   0.04051  
 11  0.4928   1508.797967  x:  0.00304   0.01432   0.03976   0.02105   0.03132   0.01754   7.34717   0.05397  
 12  0.7845   1508.677595  x:  0.00344   0.01654   0.04033   0.02147   0.03382   0.01947   7.86249   0.05325  
 13  0.3787   1508.639097  x:  0.00301   0.01545   0.03993   0.02108   0.03548   0.01929   8.30138   0.05124  
 14  0.2231   1508.585899  x:  0.00278   0.01581   0.03811   0.02100   0.03453   0.02023   8.93478   0.05389  
 15  0.0792   1508.549070  x:  0.00283   0.01578   0.03745   0.02126   0.03284   0.01931   9.77632   0.05370  
 16  0.2934   1508.535856  x:  0.00292   0.01569   0.03910   0.02141   0.03313   0.01930  10.01765   0.05252  
 17  0.1282   1508.535036  x:  0.00284   0.01569   0.03917   0.02137   0.03292   0.01949  10.10873   0.05299  
 18  0.0699   1508.535019  x:  0.00281   0.01569   0.03917   0.02137   0.03295   0.01947  10.12339   0.05301  
 19  0.0115   1508.535019  x:  0.00281   0.01570   0.03917   0.02137   0.03295   0.01947  10.12422   0.05302  
 20  0.0008   1508.535019  x:  0.00280   0.01570   0.03917   0.02138   0.03295   0.01947  10.12442   0.05302  
 21  0.0002   1508.535019  x:  0.00279   0.01570   0.03917   0.02140   0.03295   0.01947  10.12444   0.05302  
 22  0.0000   1508.535019  x:  0.00278   0.01570   0.03917   0.02140   0.03295   0.01947  10.12445   0.05302  