

TREE # 1

  0  0.0000   1364.927331  x:  0.00000   0.00401   0.03078   0.01800   0.02824   0.02256   2.00000   0.40000  
  1 99.0000   1364.925140  x:  0.00000   0.00401   0.03078   0.01800   0.02823   0.02255   2.00000   0.40000  
  2 480.5387   1362.694166  x:  0.00000   0.00000   0.02984   0.01954   0.02657   0.01978   2.00003   0.39977  
  3 1754.4375   1361.593342  x:  0.00000   0.00000   0.03830   0.01859   0.02988   0.00639   2.00032   0.39722  
  4 122.6461   1361.321911  x:  0.00000   0.00000   0.04599   0.01835   0.02159   0.00814   2.00298   0.37381  
  5 19.1122   1351.657258  x:  0.00000   0.00000   0.04860   0.01806   0.01780   0.00844   2.04508   0.00010  
  6 99.5730   1347.876488  x:  0.00000   0.00000   0.02611   0.01822   0.02031   0.00144   2.15186   0.00010  
  7  0.5743   1346.747101  x:  0.00000   0.00000   0.01515   0.01739   0.01790   0.00324   2.09909   0.00010  
  8  0.4518   1346.272089  x:  0.00000   0.00000   0.01577   0.01620   0.01088   0.00309   1.91195   0.00010  
  9  1.4954   1345.966476  x:  0.00000   0.00000   0.01763   0.01170   0.01116   0.00357   2.14650   0.00010  
 10  0.2780   1345.809380  x:  0.00833   0.00000   0.02016   0.00559   0.01153   0.00423   2.46525   0.00010  
 11 1529.6002   1345.470397  x:  0.01368   0.00000   0.01833   0.00000   0.01075   0.00387   2.81886   0.00010  
 12  0.7019   1345.445325  x:  0.01521   0.00000   0.01800   0.00000   0.01065   0.00378   2.91873   0.00010  
 13  0.8665   1345.270145  x:  0.01394   0.00000   0.01500   0.00000   0.01008   0.00282   3.26413   0.00010  
 14  0.4664   1345.094759  x:  0.01268   0.00000   0.01707   0.00000   0.00851   0.00329   4.04687   0.00010  
 15  0.2689   1345.090696  x:  0.01262   0.00000   0.01717   0.00063   0.00844   0.00332   4.08416   0.00010  
 16 776.7417   1344.994484  x:  0.01200   0.00000   0.01721   0.00142   0.01060   0.00338   4.73771   0.00010  
 17  0.7082   1344.963054  x:  0.01148   0.00000   0.01615   0.00168   0.00998   0.00313   5.31511   0.00010  
 18  0.3284   1344.959232  x:  0.01116   0.00000   0.01657   0.00211   0.00993   0.00326   5.54615   0.00010  
 19  0.1448   1344.959081  x:  0.01112   0.00000   0.01650   0.00211   0.00995   0.00323   5.58781   0.00010  
 20  0.0323   1344.959080  x:  0.01112   0.00000   0.01651   0.00212   0.00996   0.00323   5.59249   0.00010  
 21  0.0043   1344.959080  x:  0.01112   0.00000   0.01651   0.00212   0.00996   0.00323   5.59271   0.00010  
 22  0.0001   1344.959080  x:  0.01112   0.00000   0.01651   0.00212   0.00996   0.00323   5.59269   0.00010  
 23  0.0001   1344.959080  x:  0.01112   0.00000   0.01651   0.00212   0.00996   0.00323   5.59269   0.00010  