

TREE # 1

  0  0.0000   2012.967231  x:  0.00978   0.02074   0.02093   0.02778   0.02078   0.01553   2.00000   0.40000  
  1 99.0000   2012.888229  x:  0.01162   0.02137   0.02081   0.02962   0.02158   0.01599   2.00040   0.39836  
  2 49.3079   2011.982571  x:  0.01180   0.02360   0.01914   0.02980   0.02438   0.00998   2.01534   0.33762  
  3 34.7856   2009.264832  x:  0.01038   0.02647   0.01708   0.02838   0.02806   0.01237   2.05557   0.17406  
  4 1897.5062   2008.973331  x:  0.01142   0.02451   0.01997   0.02941   0.02558   0.01151   2.06127   0.15179  
  5 468.5620   2008.957803  x:  0.01164   0.02396   0.01908   0.02964   0.02486   0.01144   2.06187   0.15067  
  6 31.6041   2008.886695  x:  0.01166   0.02634   0.01909   0.02966   0.02282   0.01148   2.08757   0.15162  
  7  5.8586   2004.654020  x:  0.01281   0.01676   0.02228   0.03079   0.02196   0.01349   4.04613   0.23008  
  8 352.3111   2003.903891  x:  0.01139   0.02344   0.02055   0.02934   0.02388   0.01553   4.48312   0.19694  
  9  0.6044   2003.678342  x:  0.01137   0.02173   0.02103   0.02932   0.02038   0.01668   5.01717   0.18720  
 10  0.2802   2003.575281  x:  0.01170   0.02072   0.02140   0.02966   0.02258   0.01632   5.54756   0.19545  
 11  0.2697   2003.555371  x:  0.01171   0.02151   0.02131   0.02969   0.02180   0.01596   5.76679   0.19992  
 12  0.1594   2003.553720  x:  0.01159   0.02149   0.02113   0.02958   0.02188   0.01593   5.82269   0.19784  
 13  0.0538   2003.553691  x:  0.01160   0.02147   0.02115   0.02960   0.02188   0.01592   5.83258   0.19791  
 14  0.0083   2003.553691  x:  0.01160   0.02147   0.02116   0.02960   0.02188   0.01592   5.83229   0.19789  
 15  0.0002   2003.553691  x:  0.01160   0.02147   0.02116   0.02961   0.02188   0.01592   5.83217   0.19789  
 16  0.0001   2003.553691  x:  0.01159   0.02147   0.02116   0.02961   0.02188   0.01592   5.83218   0.19789  
 17  0.0000   2003.553691  x:  0.01159   0.02147   0.02116   0.02961   0.02188   0.01592   5.83218   0.19789  