

TREE # 1

  0  0.0000   6525.671888  x:  0.02112   0.02331   0.02878   0.03912   0.02132   0.02139   2.00000   0.40000  
  1 99.0000   6523.664037  x:  0.02354   0.02496   0.03305   0.04154   0.02964   0.02253   2.01057   0.35918  
  2 100.6042   6511.725250  x:  0.02433   0.02306   0.03400   0.04232   0.02853   0.01851   2.05640   0.18199  
  3 1690.0263   6511.205350  x:  0.02390   0.02423   0.03312   0.04190   0.02790   0.02218   2.05949   0.17123  
  4 690.8839   6511.185403  x:  0.02366   0.02499   0.03264   0.04166   0.02813   0.02188   2.06051   0.17107  
  5 30.0724   6511.044207  x:  0.02321   0.02379   0.03075   0.04121   0.02948   0.02199   2.07458   0.17179  
  6 38.2775   6497.153700  x:  0.02583   0.02692   0.02921   0.04381   0.02136   0.02525   3.99296   0.28580  
  7 522.6411   6496.573765  x:  0.02231   0.02630   0.03194   0.04030   0.02182   0.02548   4.05255   0.28933  
  8 1965.5471   6493.268038  x:  0.02184   0.02231   0.03009   0.03970   0.02132   0.01960   4.47684   0.22737  
  9  0.4161   6492.557850  x:  0.02107   0.02354   0.02764   0.03891   0.02219   0.02256   5.03239   0.22722  
 10  0.2573   6492.255456  x:  0.02198   0.02351   0.02993   0.03984   0.02091   0.02218   5.48715   0.23148  
 11  0.2750   6492.191847  x:  0.02183   0.02327   0.02939   0.03970   0.02181   0.02149   5.68455   0.23668  
 12  0.1645   6492.187518  x:  0.02174   0.02327   0.02918   0.03962   0.02153   0.02151   5.72707   0.23729  
 13  0.0462   6492.187385  x:  0.02176   0.02328   0.02919   0.03965   0.02153   0.02155   5.73835   0.23715  
 14  0.0095   6492.187384  x:  0.02175   0.02328   0.02919   0.03965   0.02153   0.02155   5.73905   0.23717  
 15  0.0008   6492.187384  x:  0.02174   0.02328   0.02919   0.03965   0.02153   0.02155   5.73910   0.23717  
 16  0.0000   6492.187384  x:  0.02174   0.02328   0.02919   0.03966   0.02153   0.02155   5.73910   0.23717  