

TREE # 1

  0  0.0000   1061.585076  x:  0.00619   0.01560   0.03123   0.02419   0.02851   0.02321   2.00000   0.40000  
  1 99.0000   1060.920672  x:  0.00747   0.02266   0.02281   0.02546   0.03263   0.01787   2.00171   0.37643  
  2 48.0234   1039.556285  x:  0.00034   0.01719   0.01226   0.01833   0.05852   0.01954   2.02869   0.00010  
  3 197.5176   1039.527688  x:  0.00000   0.01698   0.01216   0.01800   0.05671   0.01966   2.02646   0.00010  
  4 21.0965   1039.495590  x:  0.00045   0.01567   0.01159   0.01845   0.05558   0.02053   2.02339   0.00010  
  5 36.1942   1039.381450  x:  0.00007   0.01354   0.01338   0.01806   0.05737   0.02251   2.01431   0.00010  
  6 40.1298   1039.372722  x:  0.00001   0.01409   0.01337   0.01801   0.05744   0.02374   2.01408   0.00010  
  7 12.4869   1036.103919  x:  0.00311   0.01568   0.01762   0.02109   0.02697   0.02177   3.06963   0.00010  
  8  3.9817   1035.477432  x:  0.00570   0.01734   0.02215   0.02365   0.03803   0.02145   3.38704   0.00010  
  9  0.3143   1035.208769  x:  0.00745   0.01765   0.02631   0.02540   0.03063   0.02195   3.55783   0.00010  
 10  0.1197   1035.168058  x:  0.00745   0.01638   0.02850   0.02542   0.03236   0.02242   3.39871   0.00010  
 11  0.0588   1035.159789  x:  0.00727   0.01638   0.02906   0.02524   0.03115   0.02209   3.29787   0.00010  
 12  0.0630   1035.158565  x:  0.00712   0.01664   0.02891   0.02511   0.03139   0.02224   3.26162   0.00010  
 13  0.0243   1035.158529  x:  0.00715   0.01669   0.02891   0.02514   0.03140   0.02218   3.26067   0.00010  
 14  0.0006   1035.158521  x:  0.00716   0.01669   0.02891   0.02516   0.03140   0.02220   3.25791   0.00010  
 15  0.0014   1035.158520  x:  0.00716   0.01668   0.02890   0.02517   0.03140   0.02220   3.25731   0.00010  
 16  0.0004   1035.158520  x:  0.00715   0.01668   0.02890   0.02517   0.03140   0.02220   3.25733   0.00010  
 17  0.0000   1035.158520  x:  0.00715   0.01668   0.02890   0.02517   0.03140   0.02220   3.25733   0.00010  
 18  0.0000   1035.158520  x:  0.00715   0.01668   0.02890   0.02517   0.03140   0.02220   3.25733   0.00010  