

TREE # 1

  0  0.0000   1709.574356  x:  0.00148   0.02298   0.00098   0.01947   0.01467   0.02037   2.00000   0.40000  
  1 99.0000   1709.254337  x:  0.00151   0.02304   0.00000   0.01951   0.01478   0.02030   2.00001   0.39994  
  2 325.5897   1709.196119  x:  0.00234   0.02370   0.00000   0.02033   0.01630   0.01953   2.00023   0.39905  
  3 1257.5644   1705.609393  x:  0.00424   0.02932   0.00000   0.02224   0.01129   0.01757   2.06045   0.14948  
  4 23.4359   1705.192543  x:  0.00338   0.02812   0.00000   0.02137   0.01339   0.01885   2.06974   0.11124  
  5 1746.9350   1705.181448  x:  0.00339   0.02727   0.00000   0.02138   0.01334   0.01805   2.07028   0.11023  
  6 24.4660   1701.708817  x:  0.00000   0.01703   0.00000   0.01794   0.02082   0.02009   4.77015   0.20860  
  7  4.6936   1700.411042  x:  0.00328   0.02576   0.00000   0.02114   0.01677   0.02025   5.45793   0.17679  
  8  0.9798   1700.173014  x:  0.00285   0.02407   0.00000   0.02065   0.01445   0.02002   5.90888   0.14588  
  9  0.3192   1700.102875  x:  0.00291   0.02209   0.00000   0.02062   0.01568   0.02070   6.31868   0.14913  
 10  0.2753   1700.102875  x:  0.00291   0.02209   0.00000   0.02062   0.01568   0.02070   6.31868   0.14913  
 11  0.1353   1700.021194  x:  0.00164   0.02349   0.00000   0.01936   0.01608   0.01954   6.31869   0.14916  
 12 61.8940   1700.013974  x:  0.00193   0.02403   0.00000   0.01965   0.01618   0.01908   6.31870   0.14920  
 13 18.9828   1700.013896  x:  0.00193   0.02408   0.00000   0.01965   0.01611   0.01911   6.31871   0.14926  
 14  1.5068   1700.013567  x:  0.00194   0.02416   0.00000   0.01965   0.01620   0.01922   6.31889   0.15004  
 15  1.1141   1700.012661  x:  0.00193   0.02407   0.00000   0.01965   0.01613   0.01911   6.31943   0.15234  
 16 11.3245   1699.879597  x:  0.00206   0.02426   0.00000   0.01914   0.01617   0.01895   7.81712   0.15564  
 17  0.1872   1699.875369  x:  0.00228   0.02400   0.00000   0.01931   0.01610   0.01911   8.07032   0.15556  
 18  0.1999   1699.875146  x:  0.00223   0.02406   0.00000   0.01927   0.01611   0.01907   8.12789   0.15565  
 19  0.0464   1699.875145  x:  0.00222   0.02406   0.00000   0.01928   0.01611   0.01907   8.12994   0.15566  
 20  0.0020   1699.875145  x:  0.00221   0.02406   0.00000   0.01929   0.01611   0.01907   8.12997   0.15566  
 21  0.0000   1699.875145  x:  0.00221   0.02406   0.00000   0.01929   0.01611   0.01907   8.12997   0.15566  
 22  0.0001   1699.875145  x:  0.00221   0.02406   0.00000   0.01929   0.01611   0.01907   8.12997   0.15566  
 23  0.0002   1699.875145  x:  0.00221   0.02406   0.00000   0.01929   0.01611   0.01907   8.12997   0.15566  
 24  0.0004   1699.875145  x:  0.00221   0.02406   0.00000   0.01929   0.01611   0.01907   8.12997   0.15566  
check convergence!
