

TREE # 1

  0  0.0000   1752.855764  x:  0.00000   0.01290   0.03293   0.01800   0.03596   0.03725   2.00000   0.40000  
  1 99.0000   1752.853907  x:  0.00000   0.01290   0.03292   0.01800   0.03596   0.03725   2.00000   0.40000  
  2 636.7757   1732.460495  x:  0.00000   0.01612   0.00770   0.02719   0.00281   0.01026   2.00025   0.39832  
  3 1777.2911   1732.274732  x:  0.00000   0.01577   0.00745   0.02779   0.00431   0.00748   2.00032   0.39786  
  4 120.4258   1732.258081  x:  0.00000   0.01534   0.00820   0.02801   0.00397   0.00717   2.00049   0.39679  
  5 23.5233   1732.152915  x:  0.00000   0.01212   0.00805   0.03013   0.00385   0.00773   2.00206   0.38666  
  6 46.1123   1724.789968  x:  0.00000   0.01088   0.00863   0.03155   0.00391   0.00829   2.05825   0.02405  
  7 137.5741   1722.197077  x:  0.00000   0.01169   0.00438   0.01846   0.00227   0.00449   2.90637   0.07788  
  8  1.5010   1720.426125  x:  0.00000   0.01198   0.00559   0.00855   0.00286   0.00543   3.35823   0.05932  
  9  3.7299   1719.859978  x:  0.01029   0.01223   0.00663   0.00000   0.00337   0.00624   3.74767   0.04330  
 10 2941.2508   1719.728435  x:  0.01030   0.01168   0.00622   0.00000   0.00316   0.00594   3.77645   0.02727  
 11  0.3775   1719.413881  x:  0.01109   0.00781   0.00680   0.00000   0.00313   0.00677   4.10867   0.02994  
 12  0.7652   1719.316297  x:  0.00911   0.00774   0.00699   0.00000   0.00325   0.00714   4.46715   0.03042  
 13  0.3875   1719.119201  x:  0.00183   0.00748   0.00771   0.00893   0.00371   0.00851   5.78594   0.03219  
 14 7140.1678   1718.978528  x:  0.00000   0.00844   0.00742   0.01046   0.00365   0.00782   6.36015   0.03287  
 15  0.6821   1718.963950  x:  0.00000   0.00851   0.00734   0.01132   0.00359   0.00761   6.58694   0.03306  
 16  2.1880   1718.874966  x:  0.00000   0.00825   0.00679   0.01054   0.00309   0.00636   7.24650   0.03277  
 17  1.4030   1718.809032  x:  0.00000   0.00889   0.00639   0.00987   0.00312   0.00716   8.72608   0.03422  
 18  0.4772   1718.806458  x:  0.00040   0.00893   0.00636   0.00982   0.00312   0.00722   8.83126   0.03432  
 19 3505.7288   1718.765418  x:  0.00078   0.00860   0.00717   0.00947   0.00333   0.00677  10.22461   0.03526  
 20  0.8075   1718.755864  x:  0.00100   0.00827   0.00682   0.00920   0.00323   0.00682  11.05175   0.03508  
 21  0.5151   1718.755111  x:  0.00110   0.00833   0.00690   0.00910   0.00320   0.00690  11.31814   0.03522  
 22  0.2090   1718.755020  x:  0.00113   0.00835   0.00688   0.00907   0.00324   0.00688  11.40358   0.03527  
 23  0.0929   1718.755014  x:  0.00113   0.00834   0.00688   0.00907   0.00323   0.00687  11.42423   0.03527  
 24  0.0195   1718.755014  x:  0.00113   0.00834   0.00688   0.00907   0.00323   0.00687  11.42405   0.03527  
 25  0.0003   1718.755014  x:  0.00113   0.00834   0.00688   0.00907   0.00323   0.00687  11.42403   0.03527  