

TREE # 1

  0  0.0000   2354.283592  x:  0.00226   0.08462   1.81376   0.02025   0.01709   0.03926   2.00000   0.40000  
  1 99.0000   2348.854005  x:  0.03107   0.07695   1.80698   0.04907   0.03910   0.02906   2.00360   0.35377  
  2 214.2929   2323.935554  x:  0.05588   0.00000   1.77836   0.07388   0.02507   0.02497   2.01911   0.14646  
  3 388.3529   2323.285086  x:  0.05607   0.00636   1.77774   0.07407   0.02507   0.03200   2.02034   0.13514  
  4 132.2085   2323.131412  x:  0.05382   0.01076   1.77814   0.07181   0.02624   0.02824   2.02170   0.13101  
  5 45.2830   2323.116147  x:  0.05306   0.01045   1.77863   0.07105   0.02786   0.02851   2.02300   0.13068  
  6 13.1520   2320.296573  x:  0.05245   0.00979   2.05161   0.07044   0.02599   0.02953   2.78072   0.12481  
  7 10.4620   2320.003665  x:  0.04876   0.01677   1.98130   0.06675   0.02775   0.02979   2.85021   0.13705  
  8  4.4591   2316.986995  x:  0.03062   0.03526   2.31544   0.04859   0.02840   0.03235   2.36857   0.12240  
  9  0.7143   2316.389221  x:  0.02123   0.04488   2.30650   0.03919   0.02371   0.03380   2.44944   0.11509  
 10  0.0811   2316.354612  x:  0.02245   0.04625   2.29849   0.04041   0.02216   0.03444   2.46359   0.11576  
 11  0.0189   2316.342449  x:  0.02149   0.04918   2.28779   0.03945   0.02281   0.03476   2.46942   0.11684  
 12  0.0085   2316.341880  x:  0.02138   0.04959   2.28909   0.03934   0.02274   0.03462   2.46336   0.11644  
 13  0.0053   2316.341852  x:  0.02140   0.04959   2.28974   0.03936   0.02275   0.03456   2.46362   0.11646  
 14  0.0006   2316.341850  x:  0.02139   0.04960   2.29009   0.03935   0.02275   0.03456   2.46411   0.11644  
 15  0.0004   2316.341850  x:  0.02139   0.04960   2.29020   0.03936   0.02275   0.03456   2.46408   0.11643  
 16  0.0001   2316.341849  x:  0.02139   0.04960   2.29020   0.03936   0.02275   0.03456   2.46406   0.11643  
 17  0.0000   2316.341849  x:  0.02139   0.04960   2.29020   0.03936   0.02275   0.03456   2.46406   0.11643  
 18  0.0000   2316.341849  x:  0.02139   0.04960   2.29020   0.03936   0.02275   0.03456   2.46406   0.11643  
 19  0.0000   2316.341849  x:  0.02139   0.04960   2.29020   0.03936   0.02275   0.03456   2.46406   0.11643  