

TREE # 1

  0  0.0000   1255.971822  x:  0.00662   0.00337   0.01884   0.02461   0.02281   0.01473   2.00000   0.40000  
  1 99.0000   1255.953535  x:  0.00627   0.00409   0.01883   0.02426   0.02263   0.01495   2.00015   0.39903  
  2 28.6952   1255.866746  x:  0.00452   0.00354   0.01871   0.02251   0.02161   0.01600   2.00115   0.39239  
  3 63.3383   1252.589427  x:  0.00750   0.00343   0.01750   0.02549   0.00958   0.01965   2.03567   0.16280  
  4 134.7491   1251.458037  x:  0.00755   0.00340   0.01739   0.02555   0.01020   0.02056   2.04795   0.08111  
  5 5464.3846   1251.451152  x:  0.00736   0.00340   0.01790   0.02535   0.01003   0.01975   2.04825   0.08050  
  6 15.1075   1251.449264  x:  0.00729   0.00342   0.01750   0.02528   0.01000   0.01942   2.04888   0.08047  
  7  3.7182   1249.094937  x:  0.00509   0.00352   0.01977   0.02307   0.01786   0.01126   3.30614   0.12428  
  8  8.6602   1248.557685  x:  0.00634   0.00345   0.01941   0.02428   0.02039   0.01752   3.75211   0.10439  
  9  0.5390   1248.415766  x:  0.00668   0.00334   0.01865   0.02462   0.02251   0.01506   4.20296   0.09360  
 10  0.2716   1248.368218  x:  0.00656   0.00335   0.01874   0.02450   0.02321   0.01457   4.52591   0.10870  
 11  0.2902   1248.352229  x:  0.00621   0.00342   0.01918   0.02417   0.02325   0.01535   4.80213   0.10743  
 12  0.1133   1248.343345  x:  0.00644   0.00334   0.01887   0.02443   0.02267   0.01491   5.02534   0.10707  
 13  0.0885   1248.342384  x:  0.00636   0.00338   0.01893   0.02437   0.02236   0.01502   5.03679   0.10799  
 14  0.0083   1248.342371  x:  0.00635   0.00337   0.01894   0.02437   0.02235   0.01500   5.02888   0.10798  
 15  0.0067   1248.342371  x:  0.00634   0.00337   0.01894   0.02437   0.02235   0.01500   5.02792   0.10797  
 16  0.0010   1248.342371  x:  0.00634   0.00337   0.01894   0.02438   0.02235   0.01500   5.02776   0.10797  
 17  0.0001   1248.342371  x:  0.00633   0.00337   0.01894   0.02439   0.02235   0.01500   5.02779   0.10797  
 18  0.0000   1248.342371  x:  0.00631   0.00337   0.01894   0.02440   0.02235   0.01500   5.02778   0.10797  
 19  0.0000   1248.342371  x:  0.00631   0.00337   0.01894   0.02440   0.02235   0.01500   5.02778   0.10797  
 20  0.0005   1248.342371  x:  0.00631   0.00337   0.01894   0.02440   0.02235   0.01500   5.02778   0.10797  
 21  0.0003   1248.342371  x:  0.00631   0.00337   0.01894   0.02440   0.02235   0.01500   5.02778   0.10797  
 22  0.0048   1248.342371  x:  0.00631   0.00337   0.01894   0.02440   0.02235   0.01500   5.02778   0.10797  
 23  0.0001   1248.342371  x:  0.00631   0.00337   0.01894   0.02440   0.02235   0.01500   5.02778   0.10797  
 24  0.0000   1248.342371  x:  0.00631   0.00337   0.01894   0.02440   0.02235   0.01500   5.02778   0.10797  
 25  0.0001   1248.342371  x:  0.00631   0.00337   0.01894   0.02440   0.02235   0.01500   5.02778   0.10797  
check convergence!
