

TREE # 1

  0  0.0000   2951.180944  x:  0.00041   0.02896   0.01996   0.01840   0.01839   0.03692   2.00000   0.40000  
  1 99.0000   2951.131924  x:  0.00132   0.02881   0.02007   0.01932   0.01842   0.03701   2.00010   0.39952  
  2 72.5910   2950.898748  x:  0.00116   0.02525   0.02208   0.01916   0.01823   0.03940   2.00348   0.38316  
  3 30.4234   2948.946187  x:  0.00130   0.02773   0.01934   0.01930   0.01579   0.04573   2.03050   0.25269  
  4 330.2815   2948.537689  x:  0.00125   0.02811   0.02091   0.01924   0.01904   0.04314   2.03721   0.22087  
  5 729.3993   2948.444123  x:  0.00128   0.02717   0.02104   0.01927   0.01767   0.04056   2.03892   0.21371  
  6 153.8815   2948.442688  x:  0.00128   0.02700   0.02078   0.01927   0.01778   0.04051   2.03917   0.21365  
  7  7.3057   2946.608583  x:  0.00126   0.02727   0.02107   0.01922   0.01853   0.03611   3.13040   0.27324  
  8  6.1570   2946.526507  x:  0.00134   0.02832   0.02026   0.01921   0.01822   0.03813   3.21313   0.26080  
  9  0.1116   2946.518998  x:  0.00132   0.02864   0.02018   0.01923   0.01834   0.03739   3.25207   0.25850  
 10  0.0341   2946.518109  x:  0.00128   0.02851   0.02028   0.01926   0.01834   0.03742   3.28102   0.25937  
 11  0.0173   2946.518088  x:  0.00126   0.02852   0.02025   0.01928   0.01834   0.03743   3.28312   0.25950  
 12  0.0019   2946.518087  x:  0.00124   0.02853   0.02025   0.01930   0.01834   0.03743   3.28323   0.25953  
 13  0.0001   2946.518087  x:  0.00121   0.02853   0.02025   0.01933   0.01834   0.03743   3.28324   0.25953  
 14  0.0000   2946.518087  x:  0.00121   0.02853   0.02025   0.01933   0.01834   0.03743   3.28324   0.25953  