

TREE # 1

  0  0.0000    791.174082  x:  0.01124   0.02788   0.08228   0.02924   0.01250   0.01271   2.00000   0.40000  
  1 99.0000    790.842144  x:  0.01275   0.02633   0.08257   0.03075   0.01915   0.00746   2.00034   0.39652  
  2 70.3410    790.213721  x:  0.01736   0.01611   0.08601   0.03536   0.01668   0.00733   2.00431   0.35680  
  3 31.9179    784.193514  x:  0.02770   0.02038   0.10532   0.04570   0.01560   0.00895   2.03160   0.08308  
  4 320.6551    783.924557  x:  0.02416   0.01816   0.10431   0.04215   0.01544   0.00749   2.03372   0.06369  
  5 198.1420    783.917368  x:  0.02407   0.01793   0.10387   0.04206   0.01603   0.00825   2.03399   0.06313  
  6 14.5619    783.902185  x:  0.02495   0.01824   0.09950   0.04295   0.01577   0.00826   2.03684   0.06225  
  7  5.8008    782.136902  x:  0.01361   0.01510   0.08171   0.03160   0.01785   0.00594   2.89723   0.08525  
  8  3.9899    781.369270  x:  0.01636   0.02442   0.09357   0.03434   0.01902   0.00656   3.73661   0.07574  
  9  1.4143    781.273860  x:  0.01325   0.02594   0.08759   0.03122   0.01918   0.00668   3.90070   0.07807  
 10  0.1660    781.259366  x:  0.01417   0.02607   0.08604   0.03213   0.01890   0.00676   4.07932   0.07953  
 11  0.1294    781.253462  x:  0.01384   0.02584   0.08780   0.03181   0.01883   0.00662   4.20314   0.07933  
 12  0.1073    781.252889  x:  0.01382   0.02554   0.08735   0.03179   0.01895   0.00664   4.22168   0.07910  
 13  0.0112    781.252862  x:  0.01385   0.02547   0.08743   0.03182   0.01896   0.00662   4.21770   0.07912  
 14  0.0035    781.252861  x:  0.01384   0.02547   0.08743   0.03181   0.01896   0.00662   4.21689   0.07914  
 15  0.0007    781.252861  x:  0.01384   0.02547   0.08743   0.03181   0.01895   0.00662   4.21683   0.07914  
 16  0.0000    781.252861  x:  0.01384   0.02547   0.08743   0.03181   0.01895   0.00662   4.21684   0.07914  
 17  0.0000    781.252861  x:  0.01384   0.02547   0.08743   0.03181   0.01895   0.00662   4.21684   0.07914  
 18  0.0001    781.252861  x:  0.01384   0.02547   0.08743   0.03181   0.01895   0.00662   4.21684   0.07914  
check convergence!
