

TREE # 1

  0  0.0000   1059.191055  x:  0.00000   0.01889   0.04866   0.01800   0.04916   0.04881   2.00000   0.40000  
  1 99.0000   1059.190466  x:  0.00000   0.01889   0.04866   0.01800   0.04916   0.04881   2.00000   0.40000  
  2 353.6558   1052.999557  x:  0.00000   0.02716   0.03121   0.03502   0.01653   0.01643   2.00089   0.39986  
  3 280.5152   1052.852070  x:  0.00000   0.02136   0.02899   0.03701   0.01561   0.01569   2.00138   0.39983  
  4 43.3762   1052.846003  x:  0.00000   0.02156   0.02781   0.03712   0.01607   0.01592   2.00215   0.39976  
  5  6.3161   1052.735615  x:  0.00000   0.02184   0.02701   0.03659   0.01325   0.01920   2.03505   0.39720  
  6  5.4214   1046.177207  x:  0.00000   0.02177   0.02612   0.00000   0.01450   0.01386   4.15014   0.23309  
  7 361.0417   1046.177207  x:  0.00000   0.02177   0.02612   0.00000   0.01450   0.01386   4.15014   0.23309  
  8 8884.9396   1044.629330  x:  0.00206   0.02177   0.02611   0.00206   0.01450   0.01387   4.15014   0.23310  
  9 3387.9021   1044.478307  x:  0.00211   0.01793   0.02298   0.00211   0.01279   0.01303   4.15022   0.23408  
 10 53.0992   1044.464403  x:  0.00211   0.01765   0.02211   0.00211   0.01374   0.01353   4.15031   0.23520  
 11 17.0902   1044.376655  x:  0.00212   0.01998   0.01961   0.00212   0.01298   0.01317   4.15174   0.25275  
 12 16.0890   1043.838232  x:  0.00215   0.01669   0.02407   0.00215   0.01361   0.01327   4.16255   0.38363  
 13 169.3684   1043.837990  x:  0.00215   0.01669   0.02407   0.00215   0.01354   0.01342   4.16261   0.38368  
 14  2.7819   1042.239403  x:  0.00210   0.02383   0.01788   0.00210   0.01266   0.01306   8.85909   0.50278  
 15  0.9560   1041.766612  x:  0.00210   0.01742   0.02429   0.00209   0.01357   0.01339  10.23325   0.51948  
 16  0.7701   1041.426039  x:  0.00207   0.01602   0.01946   0.00207   0.01289   0.01322  15.64299   0.51721  
 17  0.9225   1041.294760  x:  0.00201   0.01943   0.02226   0.00201   0.01346   0.01340  18.02154   0.50900  
 18  1.6878   1041.236235  x:  0.00200   0.01728   0.02338   0.00200   0.01343   0.01332  21.44591   0.49045  
 19  1.5491   1041.216690  x:  0.00200   0.01818   0.02220   0.00200   0.01330   0.01333  23.82748   0.47944  
 20  1.3178   1041.213637  x:  0.00202   0.01779   0.02244   0.00202   0.01340   0.01335  25.27140   0.48190  
 21  0.6529   1041.212577  x:  0.00204   0.01803   0.02238   0.00204   0.01332   0.01333  25.75539   0.48920  
 22  0.2177   1041.212339  x:  0.00207   0.01792   0.02238   0.00206   0.01338   0.01334  25.62250   0.49218  
 23  0.0534   1041.212097  x:  0.00210   0.01796   0.02235   0.00210   0.01332   0.01333  25.39308   0.49016  
 24  0.0550   1041.212055  x:  0.00211   0.01796   0.02238   0.00211   0.01335   0.01334  25.53410   0.48935  
 25  0.1018   1041.212055  x:  0.00211   0.01796   0.02238   0.00211   0.01335   0.01334  25.53884   0.48938  
 26  0.0047   1041.212055  x:  0.00211   0.01796   0.02238   0.00211   0.01335   0.01334  25.53900   0.48938  
 27  0.0002   1041.212055  x:  0.00211   0.01796   0.02238   0.00211   0.01335   0.01334  25.53902   0.48938  
 28  0.0001   1041.212055  x:  0.00211   0.01796   0.02238   0.00211   0.01335   0.01334  25.53902   0.48938  
 29  0.0000   1041.212055  x:  0.00211   0.01796   0.02238   0.00211   0.01335   0.01334  25.53903   0.48938  
 30  0.0000   1041.212055  x:  0.00211   0.01796   0.02238   0.00211   0.01335   0.01334  25.53904   0.48938  