

TREE # 1

  0  0.0000   8533.192824  x:  0.01430   0.01981   0.02090   0.03230   0.01966   0.02999   2.00000   0.40000  
  1 99.0000   8533.149504  x:  0.01492   0.02030   0.02081   0.03292   0.01959   0.03051   2.00048   0.39986  
  2 70.7274   8533.059659  x:  0.01487   0.01938   0.02063   0.03287   0.01931   0.03189   2.00602   0.39819  
  3 36.3543   8531.646021  x:  0.01258   0.02241   0.02216   0.03057   0.02010   0.03512   2.10099   0.36982  
  4 369.7140   8527.240974  x:  0.01446   0.02057   0.02064   0.03245   0.01960   0.03133   2.38073   0.28696  
  5 5018.9455   8527.042683  x:  0.01486   0.02003   0.02288   0.03285   0.01938   0.03119   2.39598   0.28815  
  6 177.5472   8511.546942  x:  0.01668   0.01786   0.01888   0.03466   0.02509   0.02796   3.88191   0.49795  
  7 925.0095   8510.217206  x:  0.01615   0.01902   0.01840   0.03413   0.01929   0.02728   3.97608   0.51131  
  8 5793.1834   8507.545722  x:  0.01469   0.02127   0.02275   0.03244   0.01917   0.03357   4.51577   0.49544  
  9  0.3517   8505.358337  x:  0.01448   0.01960   0.02078   0.03206   0.02029   0.02978   5.46669   0.44008  
 10  0.3283   8505.181821  x:  0.01517   0.02027   0.02068   0.03281   0.01902   0.03078   5.68679   0.44652  
 11  0.1669   8505.148061  x:  0.01522   0.02029   0.02085   0.03288   0.01964   0.03075   5.85475   0.45120  
 12  0.0966   8505.143749  x:  0.01510   0.02016   0.02082   0.03278   0.01946   0.03066   5.88506   0.45361  
 13  0.0275   8505.143697  x:  0.01508   0.02018   0.02081   0.03278   0.01947   0.03068   5.88451   0.45400  
 14  0.0006   8505.143696  x:  0.01507   0.02018   0.02081   0.03280   0.01947   0.03068   5.88411   0.45405  
 15  0.0004   8505.143696  x:  0.01506   0.02018   0.02081   0.03281   0.01947   0.03068   5.88405   0.45405  
 16  0.0000   8505.143696  x:  0.01504   0.02018   0.02081   0.03282   0.01947   0.03068   5.88406   0.45405  
 17  0.0000   8505.143696  x:  0.01504   0.02018   0.02081   0.03282   0.01947   0.03068   5.88406   0.45405  
 18  0.0000   8505.143696  x:  0.01504   0.02018   0.02081   0.03282   0.01947   0.03068   5.88406   0.45405  
 19  0.0002   8505.143696  x:  0.01504   0.02018   0.02081   0.03283   0.01947   0.03068   5.88406   0.45405  
 20  0.0024   8505.143696  x:  0.01504   0.02018   0.02081   0.03283   0.01947   0.03068   5.88406   0.45405  
 21  0.0008   8505.143696  x:  0.01504   0.02018   0.02081   0.03283   0.01947   0.03068   5.88406   0.45405  
check convergence!
