

TREE # 1

  0  0.0000   2872.345442  x:  0.00575   0.00795   0.01622   0.02375   0.01475   0.01286   2.00000   0.40000  
  1 99.0000   2872.206439  x:  0.00723   0.00920   0.01676   0.02522   0.01473   0.01323   2.00026   0.39664  
  2 68.5344   2871.194418  x:  0.01008   0.00518   0.01739   0.02807   0.01477   0.01310   2.00275   0.36481  
  3 166.1758   2853.144292  x:  0.01191   0.00423   0.01789   0.02990   0.01360   0.01024   2.02770   0.04517  
  4 1928.5986   2852.964918  x:  0.01176   0.00406   0.01788   0.02976   0.01437   0.01202   2.02823   0.03860  
  5 603.1997   2852.963833  x:  0.01175   0.00407   0.01799   0.02975   0.01457   0.01195   2.02831   0.03857  
  6  8.0748   2852.955012  x:  0.01162   0.00401   0.01868   0.02962   0.01430   0.01208   2.03223   0.03880  
  7  2.8892   2852.360585  x:  0.01083   0.00466   0.01764   0.02881   0.01576   0.01456   2.32938   0.05669  
  8 112.2708   2851.165571  x:  0.00804   0.00816   0.01737   0.02597   0.01417   0.01313   2.80788   0.04483  
  9  1.0209   2851.074367  x:  0.00676   0.00826   0.01673   0.02461   0.01483   0.01331   2.71410   0.04744  
 10  0.1086   2851.070189  x:  0.00688   0.00828   0.01659   0.02475   0.01492   0.01317   2.64994   0.04716  
 11  0.0528   2851.070064  x:  0.00685   0.00829   0.01664   0.02474   0.01489   0.01315   2.64490   0.04705  
 12  0.0051   2851.070063  x:  0.00684   0.00829   0.01664   0.02475   0.01489   0.01315   2.64537   0.04705  
 13  0.0005   2851.070063  x:  0.00683   0.00829   0.01664   0.02476   0.01489   0.01315   2.64536   0.04706  
 14  0.0000   2851.070063  x:  0.00682   0.00829   0.01664   0.02477   0.01489   0.01315   2.64537   0.04706  
 15  0.0000   2851.070063  x:  0.00682   0.00829   0.01664   0.02477   0.01489   0.01315   2.64537   0.04706  
 16  0.0000   2851.070063  x:  0.00682   0.00829   0.01664   0.02477   0.01489   0.01315   2.64537   0.04706  