

TREE # 1

  0  0.0000    763.846933  x:  0.01494   0.00000   0.01434   0.03294   0.00861   0.00857   2.00000   0.40000  
  1 99.0000    763.846762  x:  0.01494   0.00000   0.01434   0.03294   0.00861   0.00857   2.00000   0.40000  
  2 190.9185    763.699825  x:  0.01383   0.00000   0.01025   0.03182   0.00922   0.00993   2.00088   0.38851  
  3 23.0614    756.947779  x:  0.00000   0.00000   0.01294   0.01790   0.00810   0.01228   2.02589   0.06276  
  4 152.7583    756.947779  x:  0.00000   0.00000   0.01294   0.01790   0.00810   0.01228   2.02589   0.06276  
  5 527466540.7000    753.382588  x:  0.01778   0.00000   0.01255   0.03568   0.00585   0.00749   2.02596   0.05997  
  6 415.9464    753.130353  x:  0.01755   0.00000   0.01236   0.03545   0.00655   0.00395   2.02611   0.05321  
  7 55.4979    750.261524  x:  0.01794   0.00000   0.01154   0.03584   0.00848   0.00372   2.02732   0.00010  
  8 223.5606    750.196905  x:  0.01719   0.00000   0.01032   0.03509   0.00844   0.00521   2.02406   0.00010  
  9 11.1025    750.189725  x:  0.01717   0.00000   0.01106   0.03507   0.00899   0.00540   2.02382   0.00010  
 10 13.4217    749.802702  x:  0.01614   0.00000   0.01300   0.03403   0.00465   0.00595   2.54261   0.00010  
 11  1.2216    749.598334  x:  0.01817   0.00000   0.01443   0.03605   0.00740   0.00699   3.10484   0.00010  
 12  0.3634    749.502608  x:  0.01874   0.00000   0.01319   0.03661   0.00546   0.00699   3.69990   0.00010  
 13  0.2710    749.476854  x:  0.01832   0.00000   0.01244   0.03619   0.00655   0.00674   3.99258   0.00010  
 14  0.1036    749.468384  x:  0.01748   0.00000   0.01249   0.03534   0.00615   0.00644   4.15838   0.00010  
 15  0.0874    749.468074  x:  0.01744   0.00000   0.01268   0.03530   0.00620   0.00639   4.14716   0.00010  
 16  0.0089    749.468061  x:  0.01746   0.00000   0.01267   0.03533   0.00620   0.00637   4.14670   0.00010  
 17  0.0003    749.468061  x:  0.01746   0.00000   0.01267   0.03533   0.00620   0.00637   4.14662   0.00010  
 18  0.0001    749.468061  x:  0.01746   0.00000   0.01267   0.03533   0.00620   0.00637   4.14662   0.00010  
 19  0.0000    749.468061  x:  0.01746   0.00000   0.01267   0.03533   0.00620   0.00637   4.14662   0.00010  
 20  0.0000    749.468061  x:  0.01746   0.00000   0.01267   0.03533   0.00620   0.00637   4.14662   0.00010  
check convergence!
