

TREE # 1

  0  0.0000   1757.144432  x:  0.00811   0.00264   0.00247   0.02611   0.01848   0.01285   2.00000   0.40000  
  1 99.0000   1757.138823  x:  0.00813   0.00255   0.00274   0.02612   0.01846   0.01293   2.00006   0.39974  
  2 29.2864   1757.007785  x:  0.00893   0.00252   0.00252   0.02693   0.01746   0.01603   2.00280   0.38681  
  3 39.3246   1755.113431  x:  0.01050   0.01054   0.00491   0.02849   0.01511   0.01660   2.04765   0.17571  
  4 319.0962   1754.126580  x:  0.01067   0.00931   0.00455   0.02867   0.01516   0.01638   2.06434   0.09718  
  5 6121.2352   1754.124863  x:  0.01052   0.00937   0.00457   0.02852   0.01543   0.01653   2.06464   0.09708  
  6  7.0352   1754.118197  x:  0.01001   0.00937   0.00457   0.02801   0.01507   0.01667   2.06718   0.09707  
  7  7.1478   1749.280606  x:  0.00942   0.00176   0.00239   0.02739   0.01664   0.01338   3.96488   0.13344  
  8 49.4395   1749.004984  x:  0.00886   0.00372   0.00276   0.02680   0.01762   0.01325   4.32862   0.13720  
  9  0.8394   1748.459717  x:  0.00716   0.00264   0.00257   0.02505   0.02054   0.01253   5.73975   0.11532  
 10  0.7216   1748.245643  x:  0.00933   0.00235   0.00263   0.02725   0.01989   0.01301   6.63960   0.13651  
 11  0.5345   1748.151637  x:  0.00833   0.00269   0.00263   0.02628   0.01813   0.01328   7.56892   0.13464  
 12  0.4085   1748.140106  x:  0.00858   0.00253   0.00262   0.02654   0.01845   0.01289   7.91519   0.13122  
 13  0.2452   1748.138452  x:  0.00852   0.00256   0.00262   0.02649   0.01859   0.01308   8.07236   0.13259  
 14  0.1182   1748.138387  x:  0.00852   0.00257   0.00262   0.02650   0.01858   0.01303   8.09460   0.13274  
 15  0.0235   1748.138387  x:  0.00851   0.00257   0.00262   0.02650   0.01858   0.01303   8.09814   0.13271  
 16  0.0031   1748.138387  x:  0.00851   0.00257   0.00262   0.02651   0.01858   0.01303   8.09797   0.13272  
 17  0.0002   1748.138387  x:  0.00851   0.00257   0.00262   0.02651   0.01858   0.01303   8.09797   0.13272  
 18  0.0000   1748.138387  x:  0.00851   0.00257   0.00262   0.02651   0.01858   0.01303   8.09796   0.13272  
 19  0.0000   1748.138387  x:  0.00850   0.00257   0.00262   0.02651   0.01858   0.01303   8.09796   0.13272  
 20  0.0001   1748.138387  x:  0.00850   0.00257   0.00262   0.02651   0.01858   0.01303   8.09796   0.13272  