

TREE # 1

  0  0.0000   1952.236410  x:  0.01860   0.02102   0.02447   0.03660   0.01963   0.02630   2.00000   0.40000  
  1 99.0000   1952.017429  x:  0.02016   0.01765   0.02690   0.03815   0.01847   0.02789   2.00101   0.39233  
  2 46.3611   1948.512174  x:  0.02959   0.03055   0.03733   0.04759   0.01914   0.03693   2.02435   0.21415  
  3 135.1386   1946.190892  x:  0.02900   0.02898   0.03563   0.04700   0.01872   0.03608   2.03667   0.12039  
  4 1631.8331   1946.187472  x:  0.02898   0.02883   0.03572   0.04697   0.01933   0.03612   2.03718   0.12029  
  5  7.9976   1946.047269  x:  0.02632   0.02911   0.04028   0.04432   0.01926   0.03435   2.08461   0.12070  
  6  8.4246   1941.473570  x:  0.02814   0.02267   0.02531   0.04612   0.02025   0.02908   3.97270   0.14302  
  7 320.4086   1941.412953  x:  0.02686   0.02265   0.02474   0.04484   0.02001   0.03208   3.99370   0.14326  
  8 202.5225   1940.718185  x:  0.02032   0.01917   0.02606   0.03828   0.01994   0.02813   3.99064   0.13497  
  9  0.0198   1940.705465  x:  0.02027   0.01989   0.02579   0.03824   0.01966   0.02713   3.97956   0.13558  
 10  0.0122   1940.705232  x:  0.02022   0.01998   0.02575   0.03818   0.01973   0.02722   3.97615   0.13553  
 11  0.0033   1940.705218  x:  0.02022   0.01998   0.02573   0.03820   0.01976   0.02720   3.97338   0.13551  
 12  0.0027   1940.705212  x:  0.02022   0.01998   0.02574   0.03820   0.01976   0.02720   3.97082   0.13553  
 13  0.0020   1940.705211  x:  0.02022   0.01998   0.02574   0.03820   0.01975   0.02720   3.96992   0.13550  
 14  0.0009   1940.705211  x:  0.02022   0.01998   0.02574   0.03820   0.01975   0.02720   3.96990   0.13551  
 15  0.0000   1940.705211  x:  0.02021   0.01998   0.02574   0.03820   0.01975   0.02720   3.96990   0.13551  