

TREE # 1

  0  0.0000    637.273978  x:  0.00087   0.06847   0.01913   0.01886   0.01110   0.01895   2.00000   0.40000  
  1 99.0000    637.135465  x:  0.00352   0.06858   0.01733   0.02151   0.01458   0.01744   2.00036   0.39832  
  2 50.5717    637.070648  x:  0.00273   0.06907   0.01416   0.02072   0.01508   0.01513   2.00126   0.39405  
  3 24.3373    634.077789  x:  0.00647   0.10101   0.01252   0.02446   0.00877   0.01238   2.05983   0.11618  
  4 31.9946    633.819248  x:  0.00522   0.10313   0.01264   0.02322   0.01139   0.01376   2.06663   0.08418  
  5 723.9801    633.746497  x:  0.00576   0.09592   0.01277   0.02376   0.01007   0.01281   2.06997   0.07448  
  6 24.9563    633.744269  x:  0.00586   0.09576   0.01236   0.02385   0.00992   0.01327   2.07061   0.07434  
  7  4.9231    631.221229  x:  0.00357   0.05561   0.01437   0.02156   0.01292   0.01508   3.39445   0.10848  
  8  6.2006    630.290654  x:  0.00265   0.08469   0.01543   0.02062   0.01412   0.01702   4.53716   0.10617  
  9  1.4079    629.496409  x:  0.00408   0.06306   0.01380   0.02194   0.01533   0.01698   7.02558   0.11100  
 10  0.6769    629.290725  x:  0.00266   0.07531   0.01529   0.02048   0.01480   0.01644   8.39549   0.10957  
 11  0.6406    629.183934  x:  0.00390   0.06965   0.01416   0.02168   0.01387   0.01586  10.59112   0.11189  
 12  0.7777    629.170783  x:  0.00301   0.07076   0.01463   0.02078   0.01412   0.01630  11.20605   0.11123  
 13  0.4250    629.169026  x:  0.00330   0.07119   0.01452   0.02107   0.01414   0.01639  11.55114   0.11145  
 14  0.2348    629.168924  x:  0.00326   0.07099   0.01450   0.02103   0.01420   0.01636  11.62219   0.11153  
 15  0.0598    629.168921  x:  0.00326   0.07100   0.01452   0.02104   0.01421   0.01635  11.62424   0.11156  
 16  0.0014    629.168921  x:  0.00325   0.07100   0.01451   0.02104   0.01422   0.01635  11.62254   0.11156  
 17  0.0014    629.168921  x:  0.00325   0.07100   0.01451   0.02104   0.01422   0.01635  11.62239   0.11156  
 18  0.0001    629.168921  x:  0.00325   0.07100   0.01451   0.02104   0.01422   0.01635  11.62239   0.11156  