

TREE # 1

  0  0.0000   1020.678638  x:  0.00000   0.01749   0.03641   0.01800   0.03890   0.04398   2.00000   0.40000  
  1 99.0000   1020.677713  x:  0.00000   0.01749   0.03641   0.01800   0.03890   0.04398   2.00000   0.40000  
  2 374.3016   1005.337644  x:  0.00000   0.02210   0.00543   0.02652   0.00000   0.01728   2.00032   0.39735  
  3 1175.0702   1005.104176  x:  0.00000   0.03111   0.00494   0.02257   0.00000   0.01788   2.00334   0.37284  
  4 14.3473   1001.802933  x:  0.00000   0.03595   0.01536   0.01397   0.00000   0.00491   2.03597   0.10633  
  5 145.1096    999.637533  x:  0.00000   0.03664   0.01629   0.01074   0.00000   0.00335   2.04896   0.00010  
  6 8709.4835    998.433903  x:  0.00000   0.03308   0.01284   0.00433   0.00000   0.00440   2.07335   0.00010  
  7  2.0872    997.440513  x:  0.00526   0.03068   0.01051   0.00000   0.00000   0.00511   2.08986   0.00010  
  8 715.1695    997.440513  x:  0.00526   0.03068   0.01051   0.00000   0.00000   0.00511   2.08986   0.00010  
  9  0.5094    995.718497  x:  0.00906   0.02823   0.00712   0.00201   0.00000   0.01489   2.08988   0.00010  
 10 421.4374    995.323721  x:  0.00801   0.02503   0.00351   0.00070   0.00000   0.01537   2.08991   0.00010  
 11 143.5821    995.050933  x:  0.00856   0.01784   0.00422   0.00080   0.00000   0.01495   2.08999   0.00010  
 12 94.2402    995.049866  x:  0.00883   0.01783   0.00432   0.00026   0.00000   0.01500   2.09013   0.00010  
 13  3.4183    995.048682  x:  0.00908   0.01784   0.00432   0.00000   0.00000   0.01496   2.09022   0.00010  
 14 21.7742    995.045344  x:  0.00962   0.01784   0.00432   0.00000   0.00000   0.01485   2.09862   0.00010  
 15  0.8166    994.381243  x:  0.00805   0.01686   0.00433   0.00000   0.00000   0.01683   5.11041   0.00010  
 16  6.4315    994.373024  x:  0.00803   0.01684   0.00433   0.00081   0.00000   0.01686   5.15138   0.00010  
 17 1074.5902    994.373024  x:  0.00803   0.01684   0.00433   0.00081   0.00000   0.01686   5.15138   0.00010  
 18  0.0211    994.266680  x:  0.00799   0.01769   0.00405   0.00078   0.00000   0.01315   5.15138   0.00010  
 19 51.6357    994.265650  x:  0.00802   0.01771   0.00424   0.00081   0.00000   0.01310   5.15138   0.00010  
 20 10.7578    994.265649  x:  0.00802   0.01772   0.00425   0.00080   0.00000   0.01310   5.15138   0.00010  
 21  0.2649    994.265648  x:  0.00802   0.01773   0.00424   0.00080   0.00000   0.01310   5.15139   0.00010  
 22  0.1692    994.249966  x:  0.00815   0.01770   0.00424   0.00067   0.00000   0.01313   5.57826   0.00010  
 23  0.0534    994.237544  x:  0.00851   0.01770   0.00422   0.00030   0.00000   0.01301   6.56303   0.00010  
 24  0.6455    994.237508  x:  0.00854   0.01769   0.00423   0.00027   0.00000   0.01308   6.56595   0.00010  
 25  0.0037    994.237508  x:  0.00855   0.01769   0.00423   0.00025   0.00000   0.01308   6.56653   0.00010  
 26  0.0006    994.237508  x:  0.00856   0.01769   0.00423   0.00025   0.00000   0.01308   6.56655   0.00010  
 27  0.0002    994.237508  x:  0.00856   0.01769   0.00423   0.00024   0.00000   0.01308   6.56658   0.00010  