

TREE # 1

  0  0.0000   1845.881498  x:  0.01059   0.03600   0.01856   0.02859   0.01894   0.02798   2.00000   0.40000  
  1 99.0000   1844.878253  x:  0.01315   0.03709   0.01962   0.03114   0.01183   0.03258   2.00236   0.37024  
  2 58.0751   1832.049361  x:  0.02230   0.04348   0.02218   0.04029   0.01938   0.05903   2.02515   0.08117  
  3 762.6124   1831.306631  x:  0.02090   0.04293   0.02164   0.03889   0.01818   0.05782   2.02702   0.05751  
  4 1231.8868   1831.292979  x:  0.02148   0.04311   0.02276   0.03948   0.01826   0.05664   2.02762   0.05704  
  5 13.6950   1831.284647  x:  0.02219   0.04334   0.02208   0.04019   0.01829   0.05575   2.02875   0.05688  
  6  9.4679   1829.382640  x:  0.01585   0.06156   0.02172   0.03384   0.01522   0.04386   2.54610   0.06383  
  7  8.0970   1826.415926  x:  0.01586   0.03818   0.02180   0.03384   0.01275   0.03094   3.25039   0.07328  
  8 1526.2656   1825.805917  x:  0.01067   0.03668   0.02024   0.02862   0.01622   0.02965   3.21121   0.07337  
  9  0.0457   1825.744821  x:  0.01165   0.03764   0.01975   0.02960   0.01760   0.02797   3.14853   0.07346  
 10  0.0984   1825.733793  x:  0.01181   0.03711   0.01968   0.02976   0.01813   0.02893   3.12418   0.07344  
 11  0.0471   1825.729907  x:  0.01152   0.03723   0.01976   0.02948   0.01831   0.02881   3.06457   0.07304  
 12  0.0657   1825.729762  x:  0.01155   0.03709   0.01976   0.02951   0.01828   0.02876   3.05834   0.07301  
 13  0.0076   1825.729743  x:  0.01156   0.03712   0.01976   0.02953   0.01826   0.02877   3.05560   0.07301  
 14  0.0028   1825.729743  x:  0.01155   0.03712   0.01976   0.02953   0.01826   0.02878   3.05574   0.07302  
 15  0.0001   1825.729743  x:  0.01155   0.03712   0.01976   0.02953   0.01826   0.02878   3.05573   0.07302  