

TREE # 1

  0  0.0000   1299.113082  x:  0.00890   0.02295   0.01469   0.02690   0.04167   0.01066   2.00000   0.40000  
  1 99.0000   1299.061532  x:  0.00785   0.02285   0.01557   0.02585   0.04209   0.01233   2.00064   0.39727  
  2 28.4330   1298.613065  x:  0.00474   0.02224   0.01672   0.02274   0.04559   0.00894   2.00900   0.36182  
  3 53.0280   1295.364065  x:  0.00686   0.02092   0.01632   0.02486   0.06048   0.00964   2.05944   0.14765  
  4 756.5948   1295.054545  x:  0.00579   0.02394   0.01593   0.02379   0.05419   0.00947   2.06627   0.12045  
  5 211.9936   1295.017344  x:  0.00591   0.02203   0.01688   0.02391   0.05242   0.00927   2.06754   0.11714  
  6 43.6970   1295.014423  x:  0.00578   0.02170   0.01639   0.02378   0.05231   0.00937   2.06826   0.11704  
  7  6.4849   1291.933051  x:  0.00570   0.02340   0.01631   0.02368   0.03316   0.00995   3.53801   0.18222  
  8  9.9696   1290.728544  x:  0.00885   0.02269   0.01489   0.02682   0.04950   0.01138   4.40669   0.16876  
  9  1.5125   1290.104281  x:  0.01023   0.02413   0.01457   0.02808   0.03962   0.01204   5.91011   0.16067  
 10  0.4682   1289.907384  x:  0.00853   0.02268   0.01582   0.02633   0.04392   0.01112   6.81873   0.17625  
 11  0.4242   1289.866303  x:  0.00856   0.02328   0.01451   0.02632   0.04252   0.01119   7.47177   0.17580  
 12  0.3765   1289.860411  x:  0.00868   0.02321   0.01515   0.02645   0.04254   0.01136   7.68920   0.17518  
 13  0.1824   1289.859958  x:  0.00872   0.02315   0.01504   0.02649   0.04277   0.01131   7.75271   0.17519  
 14  0.0539   1289.859955  x:  0.00872   0.02317   0.01504   0.02649   0.04276   0.01131   7.75756   0.17523  
 15  0.0043   1289.859955  x:  0.00871   0.02317   0.01504   0.02650   0.04276   0.01131   7.75774   0.17525  
 16  0.0001   1289.859955  x:  0.00871   0.02317   0.01504   0.02650   0.04276   0.01131   7.75767   0.17525  
 17  0.0001   1289.859955  x:  0.00871   0.02317   0.01504   0.02650   0.04276   0.01131   7.75767   0.17525  
 18  0.0000   1289.859955  x:  0.00871   0.02317   0.01504   0.02650   0.04276   0.01131   7.75767   0.17525  
 19  0.0000   1289.859955  x:  0.00871   0.02317   0.01504   0.02650   0.04276   0.01131   7.75767   0.17525  
 20  0.0000   1289.859955  x:  0.00871   0.02317   0.01504   0.02650   0.04276   0.01131   7.75767   0.17525  
check convergence!
