

TREE # 1

  0  0.0000    695.297966  x:  0.00721   0.01998   0.01908   0.02520   0.14839   0.05383   2.00000   0.40000  
  1 99.0000    695.142461  x:  0.01045   0.02406   0.01538   0.02844   0.15021   0.05312   2.00062   0.39623  
  2 38.1107    694.236175  x:  0.01000   0.02951   0.02171   0.02800   0.18557   0.03664   2.01462   0.31137  
  3 25.8938    693.165887  x:  0.01202   0.01851   0.01591   0.03002   0.21481   0.04043   2.03063   0.21421  
  4 192.8566    692.818321  x:  0.01211   0.02297   0.02041   0.03010   0.21716   0.04809   2.03738   0.17514  
  5 119.1456    692.671340  x:  0.00999   0.02410   0.01751   0.02799   0.20999   0.04443   2.04146   0.15708  
  6 38.7498    692.617841  x:  0.01221   0.02234   0.01914   0.03021   0.20569   0.04149   2.04386   0.15000  
  7 29.6514    690.769073  x:  0.01190   0.02408   0.01931   0.02989   0.16667   0.04287   3.53045   0.19397  
  8  2.6871    690.686263  x:  0.01161   0.02325   0.01831   0.02959   0.17385   0.04927   3.64183   0.18437  
  9  0.1413    690.678882  x:  0.01152   0.02324   0.01785   0.02950   0.16951   0.05004   3.67136   0.18326  
 10  0.0319    690.678295  x:  0.01167   0.02309   0.01787   0.02966   0.16971   0.04985   3.71027   0.18352  
 11  0.0196    690.678238  x:  0.01161   0.02319   0.01789   0.02959   0.16973   0.04983   3.71642   0.18358  
 12  0.0051    690.678238  x:  0.01160   0.02319   0.01789   0.02959   0.16973   0.04983   3.71655   0.18357  
 13  0.0001    690.678238  x:  0.01160   0.02319   0.01789   0.02959   0.16973   0.04983   3.71653   0.18357  
 14  0.0000    690.678238  x:  0.01160   0.02319   0.01789   0.02959   0.16973   0.04983   3.71653   0.18357  