

TREE # 1

  0  0.0000    557.794395  x:  0.01256   0.00879   0.00000   0.03055   0.01743   0.03409   2.00000   0.40000  
  1 99.0000    557.794303  x:  0.01256   0.00879   0.00000   0.03055   0.01743   0.03409   2.00000   0.40000  
  2 115.1818    557.722174  x:  0.01281   0.00997   0.00000   0.03080   0.01402   0.03751   2.00401   0.38313  
  3 33.3570    557.095811  x:  0.01256   0.01241   0.00000   0.03056   0.02183   0.05473   2.04263   0.22070  
  4 113.4610    556.693186  x:  0.01184   0.01348   0.00000   0.02984   0.02072   0.05064   2.06334   0.13394  
  5 290.9917    556.688264  x:  0.01278   0.01369   0.00000   0.03079   0.02082   0.05044   2.06393   0.13271  
  6  9.5769    555.505515  x:  0.01281   0.00991   0.00000   0.03157   0.01554   0.02999   3.19574   0.19344  
  7  1.6072    555.201544  x:  0.01133   0.00700   0.00000   0.03247   0.01794   0.03972   3.95392   0.19028  
  8  0.6187    555.019264  x:  0.01324   0.00786   0.00000   0.03259   0.01693   0.03435   4.86117   0.15926  
  9  0.4392    554.922740  x:  0.01487   0.00821   0.00000   0.03151   0.01695   0.03490   5.89434   0.20607  
 10  0.4613    554.895446  x:  0.01425   0.00864   0.00000   0.02929   0.01738   0.03587   6.48621   0.19614  
 11  0.3116    554.892838  x:  0.01487   0.00865   0.00000   0.02964   0.01744   0.03528   6.70812   0.19543  
 12  0.1389    554.892632  x:  0.01481   0.00856   0.00000   0.02958   0.01738   0.03548   6.77076   0.19596  
 13  0.0433    554.892630  x:  0.01482   0.00857   0.00000   0.02959   0.01737   0.03547   6.77454   0.19602  
 14  0.0035    554.892630  x:  0.01482   0.00857   0.00000   0.02959   0.01737   0.03547   6.77453   0.19602  
 15  0.0000    554.892630  x:  0.01482   0.00857   0.00000   0.02959   0.01737   0.03547   6.77453   0.19602  