

TREE # 1

  0  0.0000   2299.404352  x:  0.01368   0.01885   0.01465   0.03167   0.01886   0.01256   2.00000   0.40000  
  1 99.0000   2299.372136  x:  0.01397   0.01965   0.01538   0.03197   0.01990   0.01294   2.00038   0.39843  
  2 28.9819   2299.076720  x:  0.01519   0.02081   0.01344   0.03319   0.02169   0.01035   2.00671   0.37220  
  3 42.9626   2297.281985  x:  0.01723   0.02009   0.01098   0.03522   0.02176   0.01365   2.04148   0.22817  
  4 819.0521   2296.917718  x:  0.01669   0.01983   0.01344   0.03469   0.02100   0.01199   2.04978   0.19412  
  5 1411.0612   2296.894361  x:  0.01570   0.02041   0.01315   0.03369   0.02127   0.01200   2.05054   0.19197  
  6 49.8172   2296.890322  x:  0.01559   0.01996   0.01317   0.03359   0.02168   0.01198   2.05220   0.19199  
  7  4.7376   2294.124791  x:  0.01350   0.02039   0.01551   0.03148   0.01948   0.01160   3.78923   0.26726  
  8 33.4892   2293.955008  x:  0.01481   0.01944   0.01469   0.03274   0.01974   0.01306   3.94102   0.24062  
  9  0.1769   2293.930622  x:  0.01413   0.01926   0.01496   0.03207   0.01962   0.01273   4.06517   0.23375  
 10  0.0830   2293.924815  x:  0.01428   0.01951   0.01516   0.03222   0.01966   0.01261   4.15930   0.23767  
 11  0.0533   2293.924147  x:  0.01428   0.01942   0.01506   0.03223   0.01967   0.01271   4.18894   0.23763  
 12  0.0216   2293.924132  x:  0.01426   0.01942   0.01504   0.03223   0.01965   0.01269   4.18985   0.23781  
 13  0.0008   2293.924132  x:  0.01426   0.01942   0.01504   0.03223   0.01966   0.01269   4.18974   0.23781  
 14  0.0001   2293.924132  x:  0.01426   0.01942   0.01504   0.03224   0.01966   0.01269   4.18973   0.23781  
 15  0.0000   2293.924132  x:  0.01426   0.01942   0.01504   0.03224   0.01966   0.01269   4.18973   0.23781  
 16  0.0000   2293.924132  x:  0.01426   0.01942   0.01504   0.03224   0.01966   0.01269   4.18973   0.23781  