

TREE # 1

  0  0.0000   4685.052081  x:  0.00453   0.00354   0.08828   0.02252   0.00994   0.00992   2.00000   0.40000  
  1 99.0000   4685.001901  x:  0.00467   0.00296   0.08845   0.02266   0.00973   0.01026   2.00001   0.40003  
  2 127.4610   4684.981535  x:  0.00491   0.00313   0.08883   0.02290   0.00945   0.01070   2.00003   0.40010  
  3 68.1717   4684.957005  x:  0.00516   0.00309   0.09062   0.02316   0.00965   0.01047   2.00014   0.40045  
  4 33.9447   4684.949283  x:  0.00490   0.00310   0.09128   0.02290   0.00952   0.01052   2.00021   0.40066  
  5 40.0364   4684.948600  x:  0.00488   0.00310   0.09130   0.02288   0.00961   0.01060   2.00027   0.40085  
  6  6.4664   4684.875213  x:  0.00489   0.00310   0.09102   0.02288   0.00951   0.01051   2.01003   0.42989  
  7 17.7960   4684.684685  x:  0.00489   0.00309   0.09095   0.02287   0.00946   0.01048   2.24615   0.43622  
  8  1.9366   4684.684186  x:  0.00496   0.00306   0.09103   0.02279   0.00953   0.01053   2.24590   0.43651  
  9  0.0004   4684.684184  x:  0.00495   0.00307   0.09103   0.02281   0.00953   0.01053   2.24652   0.43664  
 10  0.0006   4684.684184  x:  0.00492   0.00307   0.09103   0.02284   0.00953   0.01053   2.24661   0.43665  