

TREE # 1

  0  0.0000   1218.432356  x:  0.00000   0.00643   0.02013   0.01800   0.02864   0.02222   2.00000   0.40000  
  1 99.0000   1218.430727  x:  0.00000   0.00643   0.02012   0.01800   0.02864   0.02222   2.00000   0.40000  
  2 305.5229   1215.852984  x:  0.00000   0.01392   0.00869   0.02131   0.02000   0.00912   2.00017   0.39856  
  3 391.8840   1215.808703  x:  0.00000   0.01394   0.01000   0.02161   0.01793   0.00888   2.00032   0.39741  
  4 33.0028   1215.781737  x:  0.00000   0.01393   0.00940   0.02194   0.01686   0.01009   2.00068   0.39453  
  5 21.1880   1211.112220  x:  0.00000   0.00824   0.00976   0.03777   0.01903   0.01039   2.04368   0.05262  
  6 52.4215   1210.998640  x:  0.00000   0.00901   0.00982   0.03608   0.01887   0.01053   2.04555   0.03798  
  7 451.3424   1209.044327  x:  0.00000   0.01230   0.00888   0.01622   0.01581   0.00986   2.58468   0.05216  
  8  1.6970   1207.636833  x:  0.00000   0.00368   0.00724   0.01757   0.01500   0.00721   3.26482   0.05121  
  9  1.3734   1207.473648  x:  0.00000   0.00339   0.00852   0.01474   0.01661   0.00833   3.70015   0.05250  
 10  0.5908   1207.452038  x:  0.00214   0.00331   0.00887   0.01395   0.01706   0.00864   3.82036   0.05286  
 11 1164.2120   1207.319927  x:  0.00496   0.00514   0.00839   0.01117   0.01690   0.00801   4.46741   0.05520  
 12  0.9906   1207.215483  x:  0.00729   0.00401   0.00737   0.00862   0.01551   0.00721   5.16118   0.05623  
 13  0.7168   1207.194948  x:  0.00926   0.00386   0.00790   0.00672   0.01560   0.00794   5.51332   0.05486  
 14  0.2722   1207.191314  x:  0.01012   0.00399   0.00787   0.00582   0.01593   0.00772   5.70717   0.05427  
 15  0.1480   1207.191014  x:  0.01031   0.00398   0.00781   0.00562   0.01578   0.00773   5.75842   0.05431  
 16  0.0475   1207.191009  x:  0.01034   0.00398   0.00782   0.00559   0.01578   0.00773   5.76374   0.05435  
 17  0.0057   1207.191009  x:  0.01035   0.00398   0.00782   0.00558   0.01579   0.00773   5.76512   0.05437  
 18  0.0014   1207.191009  x:  0.01035   0.00398   0.00782   0.00558   0.01579   0.00773   5.76504   0.05438  
 19  0.0001   1207.191009  x:  0.01035   0.00398   0.00782   0.00558   0.01579   0.00773   5.76498   0.05438  
 20  0.0001   1207.191009  x:  0.01035   0.00398   0.00782   0.00558   0.01579   0.00773   5.76498   0.05438  