

TREE # 1

  0  0.0000   1465.052861  x:  0.00000   0.00538   0.02657   0.01800   0.02798   0.02987   2.00000   0.40000  
  1 99.0000   1465.050318  x:  0.00000   0.00538   0.02657   0.01800   0.02798   0.02986   2.00000   0.40000  
  2 607.6647   1460.513021  x:  0.00000   0.00000   0.02340   0.02002   0.02373   0.02640   2.00003   0.39985  
  3 2881.0123   1458.518842  x:  0.00000   0.00000   0.03361   0.01973   0.00537   0.02654   2.00040   0.39929  
  4 149.0622   1458.375089  x:  0.00000   0.00000   0.03900   0.01973   0.00634   0.01928   2.00121   0.39786  
  5 27.1236   1453.912571  x:  0.00000   0.00000   0.02719   0.01775   0.00434   0.01411   2.22282   0.00010  
  6  5.4257   1445.275887  x:  0.00000   0.00000   0.00910   0.01533   0.00083   0.00564   2.45080   0.00694  
  7 13.6033   1444.693746  x:  0.00000   0.00000   0.00859   0.01535   0.00287   0.00748   2.45278   0.00717  
  8  0.1882   1444.474539  x:  0.00000   0.00000   0.00563   0.01496   0.00291   0.00672   2.49147   0.00711  
  9  3.9754   1444.289771  x:  0.00000   0.00000   0.00622   0.01351   0.00315   0.00470   2.68574   0.00711  
 10  1.0530   1443.886246  x:  0.00000   0.00000   0.00617   0.00953   0.00304   0.00607   3.32140   0.00718  
 11  2.4990   1443.456025  x:  0.01083   0.00000   0.00608   0.00278   0.00285   0.00839   4.40107   0.00730  
 12 9000.8240   1443.009266  x:  0.01252   0.00000   0.00565   0.00000   0.00305   0.00701   5.55009   0.00747  
 13  0.9456   1442.931290  x:  0.01489   0.00000   0.00564   0.00000   0.00313   0.00652   6.28566   0.00760  
 14  4.5072   1442.665791  x:  0.01269   0.00000   0.00679   0.00000   0.00331   0.00456   7.80065   0.00798  
 15  1.5054   1442.238106  x:  0.01001   0.00000   0.00508   0.00000   0.00298   0.00644  11.86556   0.00910  
 16  1.0365   1442.155108  x:  0.00934   0.00000   0.00466   0.00275   0.00290   0.00691  12.88106   0.00938  
 17 23652.5211   1441.813468  x:  0.00590   0.00000   0.00788   0.00691   0.00289   0.00668  20.71693   0.01163  
 18  2.9456   1441.415104  x:  0.00000   0.00000   0.00565   0.01085   0.00291   0.00465  33.46135   0.01525  
 19  4.2417   1441.415104  x:  0.00000   0.00000   0.00565   0.01085   0.00291   0.00465  33.46135   0.01525  
 20  7.0123   1441.311598  x:  0.00058   0.00000   0.00588   0.01143   0.00300   0.00628  33.46135   0.01612  
 21 111.2363   1441.116070  x:  0.00101   0.00000   0.00609   0.01185   0.00196   0.00582  33.46135   0.02468  
 22 54.3014   1440.897237  x:  0.00108   0.00000   0.00612   0.01193   0.00355   0.00521  33.46135   0.03655  
 23 652.8969   1440.846142  x:  0.00026   0.00000   0.00572   0.01111   0.00353   0.00570  33.46135   0.03888  
 24 131.3491   1440.846126  x:  0.00026   0.00000   0.00575   0.01111   0.00353   0.00570  33.46135   0.03889  
 25  1.3391   1440.753538  x:  0.00081   0.00000   0.00594   0.01141   0.00282   0.00622  33.48564   0.05485  
 26  0.0092   1440.743484  x:  0.00054   0.00000   0.00582   0.01117   0.00290   0.00588  33.49969   0.05885  
 27  0.0096   1440.742399  x:  0.00060   0.00000   0.00587   0.01129   0.00293   0.00586  33.51604   0.06101  
 28  0.0103   1440.742239  x:  0.00052   0.00000   0.00585   0.01131   0.00293   0.00591  33.53564   0.06152  
 29  0.0088   1440.741346  x:  0.00021   0.00000   0.00586   0.01163   0.00295   0.00591  33.65545   0.06170  
 30  0.0150   1440.740760  x:  0.00000   0.00000   0.00586   0.01184   0.00296   0.00591  33.73448   0.06176  
 31  2.9940   1440.740760  x:  0.00000   0.00000   0.00586   0.01184   0.00296   0.00591  33.73448   0.06176  
 32  7.0083   1440.740707  x:  0.00000   0.00000   0.00586   0.01184   0.00293   0.00589  33.73448   0.06176  
 33  3.3736   1440.740704  x:  0.00000   0.00000   0.00586   0.01184   0.00293   0.00588  33.73448   0.06176  
 34  0.5872   1440.740697  x:  0.00000   0.00000   0.00587   0.01185   0.00293   0.00588  33.73449   0.06167  
 35  0.1569   1440.740665  x:  0.00000   0.00000   0.00586   0.01186   0.00293   0.00589  33.73451   0.06122  
 36  4.2587   1440.740659  x:  0.00000   0.00000   0.00586   0.01185   0.00293   0.00589  33.73452   0.06114  
 37  2.2156   1440.740190  x:  0.00000   0.00000   0.00585   0.01184   0.00292   0.00588  33.79630   0.06114  
 38  0.0077   1440.740099  x:  0.00009   0.00000   0.00585   0.01184   0.00292   0.00588  33.82011   0.06114  
 39 645.8963   1440.688554  x:  0.00053   0.00000   0.00535   0.01122   0.00244   0.00552  48.37862   0.06273  
 40  5.7640   1440.612582  x:  0.00154   0.00000   0.00617   0.01018   0.00325   0.00598  70.54379   0.06266  
 41  5.4842   1440.567807  x:  0.00348   0.00000   0.00551   0.00862   0.00273   0.00585  106.23625   0.06387  
 42  9.4045   1440.540057  x:  0.00496   0.00000   0.00616   0.00658   0.00299   0.00585  151.64509   0.06312  
 43 15.4207   1440.518438  x:  0.00912   0.00000   0.00558   0.00299   0.00293   0.00589  231.99765   0.06394  
 44 23.3009   1440.506651  x:  0.01178   0.00000   0.00590   0.00000   0.00288   0.00587  299.03562   0.06382  
 45 34.2754   1440.506651  x:  0.01178   0.00000   0.00590   0.00000   0.00288   0.00587  299.03562   0.06382  
 46 69.0064   1440.506468  x:  0.01179   0.00000   0.00586   0.00001   0.00293   0.00587  299.03562   0.06382  
 47  5.8276   1440.506448  x:  0.01180   0.00000   0.00584   0.00002   0.00292   0.00587  299.03562   0.06382  
 48  1.8153   1440.506448  x:  0.01180   0.00000   0.00584   0.00002   0.00292   0.00587  299.03562   0.06382  
 49  0.0335   1440.506447  x:  0.01180   0.00000   0.00584   0.00002   0.00292   0.00587  299.03562   0.06381  
 50  0.2920   1440.506446  x:  0.01180   0.00000   0.00584   0.00002   0.00292   0.00587  299.03562   0.06374  
 51  0.3128   1440.506445  x:  0.01180   0.00000   0.00584   0.00002   0.00292   0.00587  299.03562   0.06368  
 52  1.6762   1440.506445  x:  0.01180   0.00000   0.00584   0.00002   0.00292   0.00587  299.03569   0.06368  
 53  0.0001   1440.506445  x:  0.01180   0.00000   0.00584   0.00002   0.00292   0.00587  299.03571   0.06368  
 54  0.0005   1440.506445  x:  0.01180   0.00000   0.00584   0.00002   0.00292   0.00587  299.03574   0.06368  
 55  0.0002   1440.506445  x:  0.01180   0.00000   0.00584   0.00002   0.00292   0.00587  299.03579   0.06368  
 56  0.0008   1440.506445  x:  0.01180   0.00000   0.00584   0.00002   0.00292   0.00587  299.03585   0.06369  
 57  0.0016   1440.506445  x:  0.01180   0.00000   0.00584   0.00002   0.00292   0.00587  299.03594   0.06369  
 58  0.0029   1440.506445  x:  0.01180   0.00000   0.00584   0.00002   0.00292   0.00587  299.03604   0.06369  
 59  0.0046   1440.506445  x:  0.01180   0.00000   0.00584   0.00002   0.00292   0.00587  299.03615   0.06369  
 60  0.0069   1440.506445  x:  0.01180   0.00000   0.00584   0.00002   0.00292   0.00587  299.03628   0.06369  
 61  0.0099   1440.506445  x:  0.01180   0.00000   0.00584   0.00002   0.00292   0.00587  299.03642   0.06369  
 62  0.0136   1440.506445  x:  0.01180   0.00000   0.00584   0.00002   0.00292   0.00587  299.03656   0.06369  
 63  0.0184   1440.506445  x:  0.01180   0.00000   0.00584   0.00002   0.00292   0.00587  299.03671   0.06369  
 64  0.0244   1440.506445  x:  0.01180   0.00000   0.00584   0.00002   0.00292   0.00587  299.03686   0.06369  
 65  0.0319   1440.506445  x:  0.01180   0.00000   0.00584   0.00002   0.00292   0.00587  299.03702   0.06369  
 66  0.0412   1440.506445  x:  0.01180   0.00000   0.00584   0.00002   0.00292   0.00587  299.03717   0.06369  
 67  0.0527   1440.506445  x:  0.01180   0.00000   0.00584   0.00002   0.00292   0.00587  299.03732   0.06369  
 68  0.0669   1440.506445  x:  0.01180   0.00000   0.00584   0.00002   0.00292   0.00587  299.03745   0.06369  
 69  0.0843   1440.506445  x:  0.01180   0.00000   0.00584   0.00002   0.00292   0.00587  299.03758   0.06369  
 70  0.1058   1440.506445  x:  0.01180   0.00000   0.00584   0.00002   0.00292   0.00587  299.03771   0.06369  
 71  0.1322   1440.506445  x:  0.01181   0.00000   0.00584   0.00002   0.00292   0.00587  299.03783   0.06369  
 72  0.1641   1440.506445  x:  0.01181   0.00000   0.00584   0.00002   0.00292   0.00587  299.03793   0.06369  
 73  0.2036   1440.506445  x:  0.01181   0.00000   0.00584   0.00002   0.00292   0.00587  299.03802   0.06369  
 74  0.2509   1440.506445  x:  0.01181   0.00000   0.00584   0.00002   0.00292   0.00587  299.03812   0.06369  
 75  0.3089   1440.506445  x:  0.01181   0.00000   0.00584   0.00002   0.00292   0.00587  299.03819   0.06369  
 76  0.3793   1440.506445  x:  0.01181   0.00000   0.00584   0.00001   0.00292   0.00587  299.03826   0.06369  
 77  0.4640   1440.506445  x:  0.01181   0.00000   0.00584   0.00001   0.00292   0.00587  299.03832   0.06369  
 78  0.5682   1440.506445  x:  0.01181   0.00000   0.00584   0.00001   0.00292   0.00587  299.03837   0.06369  
 79  0.6864   1440.506445  x:  0.01181   0.00000   0.00584   0.00001   0.00292   0.00587  299.03841   0.06369  
 80  0.8444   1440.506445  x:  0.01181   0.00000   0.00584   0.00001   0.00292   0.00587  299.03846   0.06369  
 81  1.0584   1440.506445  x:  0.01181   0.00000   0.00584   0.00001   0.00292   0.00587  299.03943   0.06369  
 82  0.0001   1440.506445  x:  0.01181   0.00000   0.00585   0.00001   0.00292   0.00587  299.04862   0.06370  
 83  0.0330   1440.506441  x:  0.01181   0.00000   0.00584   0.00002   0.00293   0.00587  299.09798   0.06368  
 84  0.0062   1440.506440  x:  0.01181   0.00000   0.00584   0.00002   0.00293   0.00587  299.12230   0.06366  
 85  0.0231   1440.506440  x:  0.01180   0.00000   0.00584   0.00001   0.00293   0.00587  299.13904   0.06365  
 86  0.0021   1440.506438  x:  0.01180   0.00000   0.00584   0.00001   0.00293   0.00587  299.20884   0.06364  
 87  0.0222   1440.506433  x:  0.01179   0.00000   0.00584   0.00000   0.00294   0.00587  299.32571   0.06363  
 88  0.1063   1440.506285  x:  0.01179   0.00000   0.00579   0.00000   0.00297   0.00588  302.96527   0.06341  
 89  2.3600   1440.504925  x:  0.01161   0.00000   0.00581   0.00000   0.00297   0.00587  324.10911   0.06345  
 90  2.6430   1440.496606  x:  0.00994   0.00000   0.00600   0.00217   0.00301   0.00574  511.31256   0.06385  
 91 772732.2218   1440.489850  x:  0.00844   0.00000   0.00578   0.00326   0.00288   0.00592  686.62212   0.06373  
 92 83.0539   1440.485349  x:  0.00574   0.00000   0.00585   0.00616   0.00295   0.00585  999.00000   0.06434  
 93 97.9209   1440.485200  x:  0.00666   0.00000   0.00584   0.00516   0.00292   0.00587  999.00000   0.06393  