

TREE # 1

  0  0.0000   2034.774026  x:  0.01400   0.01710   0.03852   0.03199   0.04216   0.01321   2.00000   0.40000  
  1 99.0000   2034.250531  x:  0.01604   0.01503   0.03962   0.03403   0.04401   0.00817   2.00024   0.39950  
  2 143.7747   2034.177975  x:  0.01711   0.01437   0.04082   0.03510   0.04630   0.00917   2.00063   0.39867  
  3 48.8167   2034.154004  x:  0.01675   0.01531   0.04154   0.03474   0.04769   0.00889   2.00125   0.39737  
  4 25.5612   2034.120578  x:  0.01575   0.01430   0.04163   0.03375   0.04866   0.00878   2.00322   0.39325  
  5 22.6896   2033.450392  x:  0.01647   0.01501   0.03757   0.03446   0.04987   0.00881   2.04670   0.30286  
  6 71.9417   2033.353111  x:  0.01635   0.01474   0.04109   0.03434   0.04786   0.00891   2.05434   0.28809  
  7 146.5529   2030.623741  x:  0.01673   0.01480   0.04266   0.03471   0.04637   0.00883   3.67114   0.39092  
  8  5.3245   2030.461475  x:  0.01694   0.01484   0.04033   0.03488   0.04820   0.00857   3.77549   0.34780  
  9  0.0944   2030.446065  x:  0.01682   0.01481   0.04137   0.03476   0.04718   0.00873   3.86452   0.34342  
 10  0.0600   2030.442830  x:  0.01687   0.01478   0.04139   0.03481   0.04744   0.00863   3.93041   0.34829  
 11  0.0374   2030.442580  x:  0.01685   0.01481   0.04125   0.03480   0.04745   0.00867   3.94186   0.34763  
 12  0.0114   2030.442578  x:  0.01685   0.01481   0.04124   0.03481   0.04743   0.00867   3.94236   0.34761  
 13  0.0005   2030.442578  x:  0.01685   0.01481   0.04124   0.03481   0.04743   0.00867   3.94236   0.34762  
 14  0.0000   2030.442578  x:  0.01684   0.01481   0.04124   0.03481   0.04743   0.00867   3.94235   0.34762  