

TREE # 1

  0  0.0000   1239.099317  x:  0.00569   0.01711   0.01711   0.02369   0.01710   0.02081   2.00000   0.40000  
  1 99.0000   1238.945237  x:  0.00716   0.01882   0.01424   0.02515   0.01879   0.01883   2.00082   0.39513  
  2 44.3811   1237.133985  x:  0.00199   0.02479   0.01720   0.01999   0.02342   0.01054   2.01709   0.29859  
  3 69.9239   1228.918025  x:  0.00035   0.03358   0.02055   0.01835   0.02998   0.01221   2.06056   0.04002  
  4 2321.9068   1228.762419  x:  0.00100   0.03247   0.02089   0.01899   0.02884   0.01083   2.06217   0.03101  
  5 393.5622   1228.745774  x:  0.00054   0.03188   0.01989   0.01854   0.02837   0.01080   2.06267   0.03005  
  6 27.4276   1228.550331  x:  0.00059   0.02569   0.01987   0.01858   0.03377   0.01046   2.12087   0.03089  
  7  5.5896   1224.544014  x:  0.00246   0.02151   0.01409   0.02044   0.01577   0.00740   3.32379   0.05302  
  8 295.7908   1220.417059  x:  0.00463   0.02461   0.01458   0.02259   0.02092   0.02244   5.32454   0.02788  
  9  5.1371   1219.650734  x:  0.00600   0.01577   0.01557   0.02393   0.01921   0.02306   5.88293   0.04212  
 10  0.6054   1219.321265  x:  0.00714   0.01959   0.01812   0.02506   0.01560   0.02362   6.68358   0.04668  
 11  0.7049   1218.740166  x:  0.00980   0.01823   0.01700   0.02773   0.02197   0.02360   9.22805   0.04681  
 12  0.9458   1218.433120  x:  0.00971   0.01695   0.01397   0.02763   0.01714   0.02310  10.60445   0.04167  
 13  0.8435   1218.138432  x:  0.00825   0.01958   0.01763   0.02613   0.01643   0.02022  12.82174   0.03829  
 14  1.0110   1218.003818  x:  0.00731   0.01943   0.01562   0.02511   0.01929   0.01884  14.60941   0.04244  
 15  0.9825   1217.964158  x:  0.00713   0.01772   0.01560   0.02491   0.01789   0.01911  15.87260   0.04315  
 16  0.7408   1217.939553  x:  0.00715   0.01880   0.01596   0.02492   0.01792   0.02008  17.50598   0.04387  
 17  0.5556   1217.937009  x:  0.00718   0.01839   0.01592   0.02496   0.01819   0.02020  17.92149   0.04323  
 18  0.3141   1217.936872  x:  0.00718   0.01845   0.01587   0.02496   0.01813   0.02017  18.04508   0.04304  
 19  0.0841   1217.936852  x:  0.00719   0.01845   0.01589   0.02499   0.01814   0.02014  18.06819   0.04306  
 20  0.0138   1217.936852  x:  0.00719   0.01845   0.01588   0.02500   0.01814   0.02013  18.06800   0.04308  
 21  0.0002   1217.936852  x:  0.00719   0.01845   0.01588   0.02500   0.01814   0.02013  18.06810   0.04308  
 22  0.0001   1217.936852  x:  0.00718   0.01845   0.01588   0.02500   0.01814   0.02013  18.06815   0.04308  
 23  0.0000   1217.936852  x:  0.00718   0.01845   0.01588   0.02500   0.01814   0.02013  18.06815   0.04308  
 24  0.0000   1217.936852  x:  0.00718   0.01845   0.01588   0.02500   0.01814   0.02013  18.06815   0.04308  
check convergence!
