

TREE # 1

  0  0.0000   2505.473258  x:  0.01876   0.03211   0.04571   0.03676   0.03831   0.04264   2.00000   0.40000  
  1 99.0000   2504.772420  x:  0.02514   0.02755   0.04879   0.04313   0.03778   0.04234   2.00188   0.39015  
  2 100.8896   2493.403923  x:  0.01962   0.02195   0.08001   0.03762   0.02987   0.04242   2.04700   0.15182  
  3 136.6909   2491.861417  x:  0.02169   0.02641   0.07701   0.03969   0.03421   0.04356   2.05498   0.11102  
  4 807.0271   2491.626127  x:  0.02126   0.02305   0.07195   0.03926   0.03297   0.04308   2.05732   0.10430  
  5 97.7850   2491.604397  x:  0.02151   0.02368   0.07139   0.03951   0.03152   0.04283   2.05867   0.10390  
  6 22.3875   2485.545634  x:  0.02350   0.02344   0.05344   0.04149   0.02894   0.06900   3.21122   0.13220  
  7 18.4561   2481.501076  x:  0.02416   0.02530   0.04533   0.04215   0.03624   0.03951   3.80551   0.14678  
  8 2248.6413   2480.731021  x:  0.02244   0.02905   0.05546   0.04041   0.03881   0.04024   4.26048   0.14399  
  9  0.5609   2480.254566  x:  0.02212   0.03215   0.04807   0.04008   0.04068   0.04490   4.69113   0.14509  
 10  0.3965   2480.030830  x:  0.02240   0.03119   0.04748   0.04036   0.03992   0.04020   5.21198   0.15064  
 11  0.3292   2479.969951  x:  0.02280   0.03000   0.04897   0.04077   0.03895   0.04263   5.42504   0.15084  
 12  0.1619   2479.967433  x:  0.02268   0.02996   0.04851   0.04065   0.03898   0.04250   5.48620   0.15028  
 13  0.0473   2479.967336  x:  0.02270   0.02997   0.04860   0.04067   0.03902   0.04246   5.49032   0.15000  
 14  0.0033   2479.967334  x:  0.02270   0.02997   0.04860   0.04067   0.03902   0.04247   5.48934   0.14997  
 15  0.0008   2479.967334  x:  0.02270   0.02997   0.04860   0.04067   0.03902   0.04247   5.48914   0.14996  
 16  0.0002   2479.967334  x:  0.02270   0.02997   0.04860   0.04068   0.03902   0.04247   5.48913   0.14996  
 17  0.0000   2479.967334  x:  0.02269   0.02997   0.04860   0.04068   0.03902   0.04247   5.48913   0.14996  
 18  0.0000   2479.967334  x:  0.02269   0.02997   0.04860   0.04068   0.03902   0.04247   5.48913   0.14996  
 19  0.0000   2479.967334  x:  0.02269   0.02997   0.04860   0.04068   0.03902   0.04247   5.48913   0.14996  