

TREE # 1

  0  0.0000   1379.087745  x:  0.00000   0.00647   0.03587   0.01800   0.02490   0.02465   2.00000   0.40000  
  1 99.0000   1379.086287  x:  0.00000   0.00647   0.03587   0.01800   0.02490   0.02465   2.00000   0.40000  
  2 376.0023   1374.416044  x:  0.00000   0.01236   0.02919   0.02201   0.00766   0.00756   2.00006   0.39789  
  3 578.4464   1374.321286  x:  0.00000   0.01217   0.02524   0.02310   0.00787   0.00848   2.00017   0.39437  
  4 33.8421   1374.173523  x:  0.00000   0.01170   0.02437   0.02413   0.01020   0.00645   2.00056   0.38167  
  5 39.8207   1363.781103  x:  0.00000   0.00139   0.02790   0.04258   0.01024   0.00620   2.01215   0.00010  
  6 349.1155   1363.268955  x:  0.00000   0.00115   0.02996   0.03987   0.00558   0.00787   1.98229   0.00010  
  7  7.3404   1360.329370  x:  0.00000   0.00563   0.02691   0.01567   0.00489   0.00863   2.32834   0.00010  
  8  0.7941   1359.989531  x:  0.00000   0.00444   0.02532   0.01166   0.00670   0.00814   2.09525   0.00010  
  9  0.5692   1359.839863  x:  0.00558   0.00356   0.02414   0.00871   0.00803   0.00778   1.92377   0.00010  
 10 1708.6508   1359.774425  x:  0.00559   0.00321   0.02351   0.00830   0.00731   0.00653   1.75933   0.00010  
 11  0.3397   1359.758567  x:  0.00546   0.00312   0.02462   0.00843   0.00706   0.00684   1.66794   0.00010  
 12  0.1427   1359.756351  x:  0.00514   0.00330   0.02464   0.00884   0.00686   0.00684   1.67518   0.00010  
 13  0.0103   1359.756252  x:  0.00520   0.00328   0.02457   0.00883   0.00685   0.00688   1.67440   0.00010  
 14  0.0008   1359.756248  x:  0.00522   0.00328   0.02458   0.00882   0.00685   0.00688   1.67501   0.00010  
 15  0.0006   1359.756248  x:  0.00522   0.00328   0.02458   0.00882   0.00685   0.00687   1.67497   0.00010  
 16  0.0000   1359.756248  x:  0.00522   0.00328   0.02458   0.00882   0.00685   0.00687   1.67497   0.00010  
 17  0.0000   1359.756248  x:  0.00522   0.00328   0.02458   0.00882   0.00685   0.00687   1.67497   0.00010  