

TREE # 1

  0  0.0000   2970.665858  x:  0.00116   0.02577   0.00757   0.01916   0.05929   0.01904   2.00000   0.40000  
  1 99.0000   2970.404312  x:  0.00277   0.02465   0.00817   0.02076   0.06170   0.01656   2.00093   0.39320  
  2 65.1278   2969.322477  x:  0.00039   0.02226   0.00621   0.01838   0.07089   0.01407   2.00562   0.35882  
  3 264.6404   2967.987985  x:  0.00000   0.02218   0.00794   0.01800   0.07651   0.01577   2.00951   0.33029  
  4 1336.0963   2965.284511  x:  0.00256   0.02539   0.00377   0.02056   0.08665   0.02080   2.02136   0.24302  
  5 2521.5032   2960.868203  x:  0.00200   0.03091   0.00448   0.01999   0.08840   0.01838   2.03790   0.12064  
  6 2654.4596   2960.488195  x:  0.00223   0.02616   0.00429   0.02022   0.08659   0.01974   2.03992   0.10733  
  7 296.3426   2956.284001  x:  0.00185   0.02082   0.00536   0.01981   0.06969   0.01887   3.53731   0.16167  
  8  5.7549   2955.404767  x:  0.00142   0.02658   0.00644   0.01931   0.06358   0.01715   3.68055   0.14161  
  9  0.2354   2955.295726  x:  0.00165   0.02534   0.00744   0.01957   0.06180   0.01834   3.60858   0.13681  
 10  0.0687   2955.290793  x:  0.00152   0.02535   0.00759   0.01946   0.06262   0.01842   3.58376   0.13678  
 11  0.0232   2955.290206  x:  0.00143   0.02536   0.00763   0.01942   0.06242   0.01837   3.57153   0.13701  
 12  0.0108   2955.290109  x:  0.00143   0.02540   0.00764   0.01948   0.06242   0.01835   3.56457   0.13699  
 13  0.0050   2955.290099  x:  0.00140   0.02539   0.00763   0.01951   0.06242   0.01836   3.56168   0.13692  
 14  0.0016   2955.290099  x:  0.00138   0.02539   0.00763   0.01953   0.06242   0.01836   3.56173   0.13693  
 15  0.0000   2955.290099  x:  0.00135   0.02539   0.00763   0.01956   0.06242   0.01836   3.56173   0.13693  
 16  0.0000   2955.290099  x:  0.00134   0.02539   0.00763   0.01957   0.06242   0.01836   3.56173   0.13693  
 17  0.0001   2955.290099  x:  0.00134   0.02539   0.00763   0.01957   0.06242   0.01836   3.56173   0.13693  
 18  0.0008   2955.290099  x:  0.00134   0.02539   0.00763   0.01957   0.06242   0.01836   3.56173   0.13693  
 19  0.0021   2955.290099  x:  0.00134   0.02539   0.00763   0.01957   0.06242   0.01836   3.56173   0.13693  
 20  0.0016   2955.290099  x:  0.00134   0.02539   0.00763   0.01957   0.06242   0.01836   3.56173   0.13693  
 21  2.9798   2955.290099  x:  0.00134   0.02539   0.00763   0.01957   0.06242   0.01836   3.56173   0.13693  
 22  0.0329   2955.290099  x:  0.00134   0.02539   0.00763   0.01957   0.06242   0.01836   3.56173   0.13693  
 23  0.0026   2955.290099  x:  0.00134   0.02539   0.00763   0.01957   0.06242   0.01836   3.56173   0.13693  
 24  0.0107   2955.290099  x:  0.00134   0.02539   0.00763   0.01957   0.06242   0.01836   3.56173   0.13693  
 25  0.0012   2955.290099  x:  0.00134   0.02539   0.00763   0.01957   0.06242   0.01836   3.56173   0.13693  
check convergence!
