

TREE # 1

  0  0.0000   8703.308057  x:  0.01008   0.03269   0.02505   0.02808   0.02910   0.02303   2.00000   0.40000  
  1 99.0000   8692.748557  x:  0.00685   0.04118   0.02978   0.02485   0.04321   0.01442   2.01375   0.30852  
  2 221.8461   8662.870130  x:  0.00977   0.04948   0.03288   0.02777   0.05838   0.02240   2.04331   0.11118  
  3 7079.4477   8659.101810  x:  0.00909   0.04722   0.03094   0.02708   0.05550   0.01950   2.04809   0.08002  
  4 3275.4205   8659.033769  x:  0.00916   0.04734   0.03265   0.02716   0.05454   0.01939   2.04920   0.07950  
  5 64.0470   8658.972709  x:  0.00848   0.04813   0.03269   0.02648   0.05387   0.01983   2.05269   0.07947  
  6 41.9841   8658.559580  x:  0.00924   0.05292   0.03145   0.02724   0.05098   0.01917   2.08018   0.07984  
  7 260.1231   8632.965158  x:  0.00739   0.03324   0.03035   0.02537   0.04117   0.01420   4.18820   0.12219  
  8 639.5611   8625.502788  x:  0.01003   0.03839   0.02652   0.02787   0.03069   0.02299   4.61898   0.11699  
  9  0.4811   8624.920348  x:  0.01054   0.03375   0.02516   0.02841   0.03073   0.02334   4.66818   0.11426  
 10  0.0698   8624.905158  x:  0.01062   0.03373   0.02532   0.02851   0.03010   0.02311   4.68465   0.11368  
 11  0.0245   8624.892691  x:  0.01081   0.03383   0.02546   0.02874   0.03042   0.02298   4.73226   0.11263  
 12  0.0473   8624.886782  x:  0.01066   0.03387   0.02522   0.02867   0.03041   0.02286   4.78345   0.11282  
 13  0.0275   8624.885394  x:  0.01059   0.03379   0.02537   0.02864   0.03043   0.02289   4.80138   0.11314  
 14  0.0193   8624.885296  x:  0.01059   0.03382   0.02536   0.02868   0.03042   0.02291   4.80534   0.11327  
 15  0.0031   8624.885294  x:  0.01058   0.03381   0.02536   0.02870   0.03042   0.02291   4.80553   0.11327  
 16  0.0002   8624.885294  x:  0.01057   0.03381   0.02536   0.02871   0.03042   0.02291   4.80552   0.11327  