

TREE # 1

  0  0.0000   1558.290305  x:  0.00433   0.01157   0.00830   0.02233   0.00513   0.02056   2.00000   0.40000  
  1 99.0000   1558.252405  x:  0.00405   0.01139   0.00866   0.02205   0.00621   0.02030   2.00011   0.39899  
  2 50.0743   1558.037641  x:  0.00224   0.01036   0.00980   0.02024   0.00534   0.01809   2.00133   0.38723  
  3 59.8806   1554.950175  x:  0.00320   0.01223   0.00588   0.02120   0.00608   0.00795   2.01688   0.23780  
  4 365.2123   1549.092458  x:  0.00320   0.01305   0.00577   0.02120   0.00612   0.00508   2.03738   0.04052  
  5 8802.1107   1549.029900  x:  0.00280   0.01290   0.00494   0.02080   0.00623   0.00531   2.03780   0.03675  
  6 417.2523   1549.027109  x:  0.00267   0.01333   0.00498   0.02067   0.00623   0.00534   2.03839   0.03670  
  7  3.6264   1546.455784  x:  0.00474   0.01210   0.00795   0.02272   0.00589   0.00787   2.67064   0.01582  
  8 14.8491   1543.745781  x:  0.00589   0.00990   0.00913   0.02385   0.00570   0.01340   4.07476   0.05744  
  9 12.0286   1543.276614  x:  0.00422   0.01470   0.00916   0.02206   0.00570   0.01607   4.36725   0.05129  
 10  0.1399   1542.885450  x:  0.00339   0.01130   0.00936   0.02117   0.00576   0.01923   4.57942   0.03882  
 11  0.0993   1542.824571  x:  0.00481   0.01146   0.00919   0.02262   0.00563   0.01993   4.59078   0.03657  
 12  0.0105   1542.819929  x:  0.00473   0.01180   0.00893   0.02257   0.00562   0.02029   4.57426   0.03738  
 13  0.0066   1542.818333  x:  0.00469   0.01154   0.00885   0.02256   0.00562   0.02052   4.54710   0.03739  
 14  0.0186   1542.817575  x:  0.00468   0.01156   0.00893   0.02261   0.00562   0.02052   4.47707   0.03758  
 15  0.0198   1542.817511  x:  0.00466   0.01158   0.00893   0.02261   0.00562   0.02055   4.47023   0.03736  
 16  0.0063   1542.817508  x:  0.00464   0.01158   0.00893   0.02262   0.00562   0.02054   4.46835   0.03734  
 17  0.0008   1542.817508  x:  0.00464   0.01158   0.00893   0.02263   0.00562   0.02054   4.46829   0.03734  
 18  0.0001   1542.817508  x:  0.00464   0.01158   0.00893   0.02263   0.00562   0.02054   4.46829   0.03734  