

TREE # 1

  0  0.0000   2239.178857  x:  0.00392   0.00921   0.00481   0.02192   0.00908   0.01524   2.00000   0.40000  
  1 99.0000   2239.129530  x:  0.00455   0.00992   0.00455   0.02255   0.01007   0.01503   2.00010   0.39920  
  2 57.9787   2239.019784  x:  0.00547   0.00979   0.00564   0.02346   0.00954   0.01372   2.00101   0.39152  
  3 36.5074   2238.455994  x:  0.00675   0.00872   0.00337   0.02474   0.00810   0.01177   2.00542   0.35446  
  4 419.4084   2232.564040  x:  0.00787   0.00716   0.00336   0.02586   0.00855   0.01208   2.03574   0.09925  
  5 2605.4761   2232.473767  x:  0.00769   0.00839   0.00328   0.02569   0.00784   0.01195   2.03657   0.09244  
  6 579.9665   2232.472213  x:  0.00758   0.00841   0.00327   0.02557   0.00794   0.01175   2.03664   0.09233  
  7 11.8015   2231.371263  x:  0.00550   0.01060   0.00412   0.02346   0.00875   0.01295   2.95950   0.14188  
  8  2.0405   2230.859189  x:  0.00508   0.00971   0.00479   0.02299   0.01036   0.01474   3.24063   0.10538  
  9  0.6676   2230.840248  x:  0.00477   0.00993   0.00475   0.02270   0.01006   0.01528   3.38947   0.10965  
 10  0.0931   2230.837488  x:  0.00492   0.00989   0.00480   0.02288   0.00997   0.01535   3.44427   0.10826  
 11  0.0497   2230.837045  x:  0.00487   0.00987   0.00477   0.02287   0.00997   0.01523   3.47109   0.10865  
 12  0.0143   2230.837036  x:  0.00487   0.00988   0.00477   0.02289   0.00999   0.01523   3.47223   0.10869  
 13  0.0010   2230.837036  x:  0.00486   0.00988   0.00477   0.02290   0.00999   0.01523   3.47251   0.10867  
 14  0.0003   2230.837036  x:  0.00486   0.00988   0.00477   0.02291   0.00999   0.01523   3.47253   0.10868  
 15  0.0000   2230.837036  x:  0.00486   0.00988   0.00477   0.02291   0.00999   0.01523   3.47253   0.10868  
 16  0.0000   2230.837036  x:  0.00486   0.00988   0.00477   0.02291   0.00999   0.01523   3.47253   0.10868  
check convergence!
