

TREE # 1

  0  0.0000   2636.152781  x:  0.00000   0.01140   0.02621   0.01800   0.01760   0.02561   2.00000   0.40000  
  1 99.0000   2636.151039  x:  0.00000   0.01140   0.02621   0.01800   0.01760   0.02561   2.00000   0.40000  
  2 383.7653   2635.507048  x:  0.00000   0.01413   0.02438   0.02371   0.01405   0.02311   2.00041   0.39747  
  3 198.7284   2635.291624  x:  0.00000   0.01116   0.02396   0.02596   0.01415   0.02242   2.00126   0.39210  
  4 71.6726   2629.480495  x:  0.00000   0.01209   0.01756   0.02623   0.02400   0.01202   2.06354   0.00010  
  5 155.4041   2623.633322  x:  0.00000   0.01259   0.01535   0.02586   0.02682   0.00917   2.09132   0.00151  
  6  8.1828   2618.421764  x:  0.00000   0.01042   0.01990   0.02744   0.01428   0.02572   2.10077   0.00168  
  7 608.2670   2618.170944  x:  0.00000   0.01020   0.02442   0.02746   0.01285   0.02431   2.10132   0.00168  
  8 109.8033   2611.197195  x:  0.00000   0.01179   0.02091   0.01869   0.00516   0.02285   5.40987   0.00172  
  9  4.2931   2610.228573  x:  0.00000   0.01185   0.02113   0.01645   0.01025   0.02159   6.04078   0.00174  
 10  2.3445   2609.459316  x:  0.00000   0.00881   0.01922   0.01565   0.00961   0.01684   7.17934   0.00190  
 11  0.5846   2609.448879  x:  0.00081   0.00876   0.01919   0.01564   0.00960   0.01676   7.19745   0.00190  
 12 592.8103   2608.710616  x:  0.00335   0.01301   0.01812   0.01313   0.00805   0.01482   9.11624   0.00231  
 13  0.7609   2607.435762  x:  0.00663   0.01190   0.02017   0.00976   0.00746   0.02297  13.12390   0.00338  
 14  1.0565   2606.363492  x:  0.01079   0.00851   0.02106   0.00538   0.00898   0.01738  18.72742   0.00467  
 15  2.0016   2605.718828  x:  0.01646   0.01136   0.01839   0.00000   0.00891   0.01705  24.29348   0.00605  
 16  3.0391   2605.583210  x:  0.01922   0.01136   0.01900   0.00000   0.00876   0.01755  27.65176   0.00691  
 17  4.4545   2605.166814  x:  0.01607   0.01049   0.02139   0.00000   0.00836   0.02002  35.66014   0.00905  
 18  5.3681   2605.164899  x:  0.01593   0.01045   0.02150   0.00045   0.00834   0.02013  36.02341   0.00914  
 19 7122.0138   2604.780640  x:  0.01549   0.00962   0.01854   0.00102   0.00864   0.01735  50.72549   0.01290  
 20  5.5567   2604.637009  x:  0.01310   0.01097   0.02032   0.00329   0.00862   0.01783  62.79602   0.01608  
 21  6.2960   2604.601888  x:  0.01200   0.01070   0.01926   0.00426   0.00859   0.01830  70.52678   0.01811  
 22  4.8317   2604.595251  x:  0.01144   0.01058   0.01949   0.00485   0.00861   0.01784  74.13486   0.01906  
 23  2.5901   2604.592947  x:  0.01088   0.01061   0.01961   0.00547   0.00860   0.01812  76.14446   0.01963  
 24  0.6111   2604.573871  x:  0.01023   0.01075   0.01945   0.00601   0.00863   0.01798  76.75767   0.02006  
 25  0.0767   2604.348985  x:  0.00000   0.01211   0.01804   0.01531   0.00888   0.01670  68.44766   0.02279  
 26  4.1602   2604.348985  x:  0.00000   0.01211   0.01804   0.01531   0.00888   0.01670  68.44766   0.02279  
 27 23.1250   2604.165180  x:  0.00093   0.01027   0.01925   0.01624   0.00851   0.01779  68.44766   0.02432  
 28 114.3927   2604.052988  x:  0.00000   0.01014   0.02037   0.01531   0.00864   0.01868  68.44766   0.02788  
 29 71.7925   2603.920870  x:  0.00066   0.01154   0.02039   0.01597   0.00882   0.01844  68.44766   0.03408  
 30 112.8844   2603.858992  x:  0.00056   0.01084   0.01917   0.01587   0.00847   0.01746  68.44766   0.03717  
 31 94.3154   2603.857744  x:  0.00057   0.01079   0.01909   0.01588   0.00865   0.01750  68.44766   0.03724  
 32 12.6749   2603.857670  x:  0.00057   0.01080   0.01904   0.01588   0.00864   0.01755  68.44766   0.03724  
 33  2.2347   2603.843622  x:  0.00055   0.01052   0.01953   0.01569   0.00862   0.01795  68.41800   0.03972  
 34  0.0216   2603.842357  x:  0.00053   0.01066   0.01946   0.01574   0.00864   0.01787  68.37485   0.04055  
 35  0.0227   2603.836987  x:  0.00027   0.01055   0.01945   0.01606   0.00863   0.01786  68.10075   0.04099  
 36  0.0343   2603.831710  x:  0.00000   0.01050   0.01945   0.01637   0.00862   0.01786  67.82701   0.04121  
 37  2.7465   2603.817383  x:  0.00000   0.01027   0.01944   0.01553   0.00861   0.01784  66.50974   0.04223  
 38 3509.6144   2603.701476  x:  0.00000   0.00872   0.01939   0.01654   0.00851   0.01772  54.84201   0.04919  
 39 20.6850   2603.065260  x:  0.00000   0.00916   0.01938   0.01701   0.00847   0.01765  20.48564   0.06020  
 40  8.2491   2602.826896  x:  0.00000   0.01052   0.01950   0.01652   0.00862   0.01787  14.47469   0.05056  
 41  5.8459   2602.673575  x:  0.00000   0.01158   0.01958   0.01613   0.00874   0.01803  18.07267   0.04112  
 42 31.0985   2602.642835  x:  0.00000   0.01095   0.01954   0.01618   0.00868   0.01796  17.25472   0.03651  
 43  0.8476   2602.642632  x:  0.00012   0.01095   0.01954   0.01618   0.00868   0.01796  17.25639   0.03652  
 44 54.2638   2602.638990  x:  0.00011   0.01064   0.01952   0.01619   0.00866   0.01792  17.39514   0.03759  
 45  0.1713   2602.638957  x:  0.00011   0.01063   0.01952   0.01619   0.00866   0.01793  17.48634   0.03754  
 46  0.0705   2602.638957  x:  0.00011   0.01063   0.01952   0.01619   0.00866   0.01793  17.48856   0.03755  
 47  0.0022   2602.638957  x:  0.00011   0.01063   0.01952   0.01619   0.00866   0.01793  17.48843   0.03754  
 48  0.0001   2602.638957  x:  0.00011   0.01063   0.01952   0.01619   0.00866   0.01793  17.48843   0.03754  
 49  0.0001   2602.638957  x:  0.00011   0.01063   0.01952   0.01619   0.00866   0.01793  17.48843   0.03754  