

TREE # 1

  0  0.0000   1372.139333  x:  0.01202   0.00979   0.01040   0.03002   0.01019   0.01355   2.00000   0.40000  
  1 99.0000   1372.112169  x:  0.01178   0.01106   0.00980   0.02977   0.01028   0.01381   2.00027   0.39835  
  2 25.3201   1371.158847  x:  0.00559   0.00993   0.01084   0.02359   0.00987   0.01681   2.01474   0.30985  
  3 44.2721   1368.201016  x:  0.00569   0.00980   0.01063   0.02368   0.01026   0.01771   2.04767   0.10830  
  4 1774.9449   1368.195590  x:  0.00565   0.01004   0.01095   0.02364   0.00984   0.01739   2.04785   0.10775  
  5 20.8697   1368.194654  x:  0.00558   0.01005   0.01092   0.02357   0.00995   0.01708   2.04806   0.10770  
  6  4.7491   1368.190322  x:  0.00555   0.00989   0.01050   0.02354   0.00964   0.01694   2.05082   0.10781  
  7  3.3965   1366.368367  x:  0.01080   0.01083   0.01041   0.02877   0.01013   0.01185   3.50243   0.17585  
  8 74.0375   1365.938567  x:  0.01233   0.01053   0.00978   0.03027   0.01061   0.01366   3.76997   0.12320  
  9  0.4461   1365.873090  x:  0.01267   0.01039   0.01034   0.03060   0.01007   0.01471   4.23796   0.13758  
 10  0.2442   1365.837206  x:  0.01279   0.01036   0.01019   0.03074   0.01006   0.01355   4.59142   0.13136  
 11  0.2808   1365.830617  x:  0.01244   0.01049   0.00991   0.03040   0.01033   0.01379   4.72267   0.13435  
 12  0.0933   1365.829940  x:  0.01231   0.01046   0.01005   0.03026   0.01029   0.01378   4.75278   0.13401  
 13  0.0247   1365.829922  x:  0.01229   0.01045   0.01003   0.03025   0.01027   0.01377   4.75083   0.13396  
 14  0.0017   1365.829922  x:  0.01228   0.01046   0.01003   0.03025   0.01027   0.01377   4.74914   0.13394  
 15  0.0014   1365.829922  x:  0.01228   0.01046   0.01003   0.03025   0.01027   0.01377   4.74904   0.13394  
 16  0.0001   1365.829922  x:  0.01228   0.01046   0.01003   0.03025   0.01027   0.01377   4.74904   0.13394  
 17  0.0000   1365.829922  x:  0.01228   0.01046   0.01003   0.03025   0.01027   0.01377   4.74904   0.13394  