

TREE # 1

  0  0.0000   2232.783285  x:  0.00342   0.01911   0.03067   0.02141   0.03094   0.01014   2.00000   0.40000  
  1 99.0000   2232.706419  x:  0.00261   0.01973   0.03058   0.02061   0.03055   0.01171   2.00046   0.39783  
  2 51.8723   2231.391620  x:  0.00168   0.02711   0.02891   0.01968   0.02319   0.00855   2.01403   0.33354  
  3 84.9667   2226.801316  x:  0.00713   0.03223   0.02753   0.02512   0.02042   0.01225   2.05384   0.14464  
  4 1539.8804   2225.882364  x:  0.00535   0.03172   0.02787   0.02334   0.02234   0.01090   2.06285   0.10218  
  5 2205.0502   2225.859038  x:  0.00519   0.03056   0.02828   0.02319   0.02134   0.01094   2.06351   0.10106  
  6 33.9817   2225.828903  x:  0.00509   0.02989   0.02656   0.02308   0.02121   0.01093   2.07083   0.10121  
  7  7.8391   2219.473417  x:  0.00016   0.01844   0.03166   0.01813   0.02610   0.00858   3.98181   0.16432  
  8 125.2715   2218.279371  x:  0.00475   0.02101   0.03158   0.02265   0.02811   0.01147   4.60528   0.16253  
  9  0.9092   2217.660087  x:  0.00343   0.01853   0.03060   0.02129   0.03355   0.01123   5.59107   0.14705  
 10  0.3938   2217.544593  x:  0.00311   0.02128   0.03120   0.02098   0.03339   0.01063   6.00269   0.15207  
 11  0.3095   2217.394639  x:  0.00349   0.01956   0.03180   0.02142   0.03091   0.01051   6.79674   0.16384  
 12  0.4042   2217.372379  x:  0.00315   0.01981   0.03106   0.02113   0.03101   0.01087   7.09160   0.15988  
 13  0.1843   2217.371189  x:  0.00324   0.01979   0.03110   0.02125   0.03090   0.01077   7.16411   0.15934  
 14  0.0535   2217.371172  x:  0.00323   0.01979   0.03113   0.02126   0.03092   0.01077   7.16576   0.15918  
 15  0.0013   2217.371172  x:  0.00322   0.01979   0.03113   0.02127   0.03091   0.01077   7.16564   0.15919  
 16  0.0001   2217.371172  x:  0.00320   0.01979   0.03113   0.02128   0.03091   0.01077   7.16566   0.15919  
 17  0.0000   2217.371172  x:  0.00319   0.01979   0.03113   0.02130   0.03091   0.01077   7.16568   0.15919  
 18  0.0001   2217.371172  x:  0.00317   0.01979   0.03113   0.02131   0.03091   0.01077   7.16569   0.15919  
 19  0.0002   2217.371172  x:  0.00317   0.01979   0.03113   0.02131   0.03091   0.01077   7.16569   0.15919  
 20  0.0004   2217.371172  x:  0.00317   0.01979   0.03113   0.02131   0.03091   0.01077   7.16569   0.15919  
 21  0.0013   2217.371172  x:  0.00317   0.01979   0.03113   0.02131   0.03091   0.01077   7.16569   0.15919  
 22  0.0087   2217.371172  x:  0.00317   0.01979   0.03113   0.02131   0.03091   0.01077   7.16569   0.15919  
 23  0.0013   2217.371172  x:  0.00317   0.01979   0.03113   0.02131   0.03091   0.01077   7.16569   0.15919  
 24  0.0099   2217.371172  x:  0.00317   0.01979   0.03113   0.02131   0.03091   0.01077   7.16569   0.15919  
check convergence!
