

TREE # 1

  0  0.0000   1003.518274  x:  0.00304   0.02760   0.06066   0.02103   0.01861   0.05375   2.00000   0.40000  
  1 99.0000   1003.373057  x:  0.00519   0.02990   0.05967   0.02319   0.01513   0.05494   2.00048   0.39622  
  2 43.9224   1003.003937  x:  0.00197   0.03586   0.05477   0.01996   0.01288   0.06039   2.00337   0.37312  
  3 46.9360   1002.045856  x:  0.00456   0.04304   0.04471   0.02256   0.02200   0.07185   2.01289   0.29703  
  4 218.0857    998.873020  x:  0.00470   0.03761   0.04474   0.02269   0.02055   0.08113   2.03419   0.12576  
  5 448.2602    998.779223  x:  0.00454   0.04251   0.04722   0.02253   0.02177   0.07660   2.03581   0.11803  
  6 34.3538    998.765751  x:  0.00450   0.04256   0.04545   0.02250   0.02162   0.07430   2.03678   0.11701  
  7 10.0592    996.911391  x:  0.00413   0.03787   0.05272   0.02211   0.01844   0.05539   3.31496   0.16826  
  8  2.6481    996.516964  x:  0.00424   0.02952   0.05560   0.02220   0.01585   0.05961   3.47125   0.14174  
  9  0.3525    996.475527  x:  0.00423   0.03047   0.05897   0.02220   0.01613   0.05680   3.45573   0.13531  
 10  0.0163    996.471069  x:  0.00424   0.03043   0.06013   0.02222   0.01626   0.05749   3.44996   0.13786  
 11  0.0062    996.470847  x:  0.00425   0.03023   0.06027   0.02223   0.01619   0.05739   3.44213   0.13761  
 12  0.0076    996.470798  x:  0.00424   0.03027   0.06027   0.02224   0.01620   0.05743   3.43103   0.13739  
 13  0.0063    996.470796  x:  0.00424   0.03026   0.06025   0.02224   0.01620   0.05741   3.42990   0.13747  
 14  0.0012    996.470796  x:  0.00423   0.03026   0.06025   0.02225   0.01620   0.05742   3.42990   0.13747  
 15  0.0000    996.470796  x:  0.00423   0.03026   0.06025   0.02225   0.01620   0.05742   3.42990   0.13747  
 16  0.0000    996.470796  x:  0.00423   0.03026   0.06025   0.02225   0.01620   0.05742   3.42990   0.13747  
 17  0.0000    996.470796  x:  0.00423   0.03026   0.06025   0.02225   0.01620   0.05742   3.42990   0.13747  
check convergence!
