

TREE # 1

  0  0.0000   3236.283366  x:  0.00000   0.01752   0.06255   0.01800   0.04985   0.27679   2.00000   0.40000  
  1 99.0000   3236.282188  x:  0.00000   0.01752   0.06255   0.01800   0.04985   0.27679   2.00000   0.40000  
  2 730.0448   3223.774208  x:  0.00000   0.03437   0.05511   0.02208   0.00000   0.30465   2.00131   0.38498  
  3 639.7097   3216.102194  x:  0.00000   0.04525   0.03675   0.02283   0.00356   0.37444   2.00471   0.34581  
  4 281.9897   3209.031402  x:  0.00000   0.03319   0.06977   0.03402   0.00191   0.44813   2.00992   0.28560  
  5 456.3903   3206.161266  x:  0.00000   0.02266   0.06629   0.04368   0.00000   0.45397   2.01216   0.25959  
  6 209.2199   3201.480757  x:  0.00000   0.02972   0.06800   0.03859   0.00088   0.44904   2.02011   0.17203  
  7 234.1521   3197.872400  x:  0.00000   0.02691   0.06721   0.03203   0.00157   0.44081   3.00875   0.19678  
  8  5.9112   3189.400804  x:  0.00000   0.01199   0.06243   0.00721   0.00487   0.42254   2.90417   0.18630  
  9  0.1970   3189.288581  x:  0.00382   0.01040   0.06192   0.00456   0.00522   0.42060   2.89302   0.18518  
 10 187.5665   3188.759494  x:  0.00795   0.01070   0.05896   0.00000   0.00574   0.42235   2.81504   0.18257  
 11  0.3005   3188.666674  x:  0.01000   0.01071   0.05784   0.00000   0.00599   0.42371   2.78205   0.18251  
 12  0.3844   3188.090141  x:  0.00896   0.01095   0.05078   0.00000   0.00538   0.44284   2.59607   0.18239  
 13  0.6773   3187.869737  x:  0.00664   0.01197   0.05088   0.00000   0.00764   0.43633   2.48578   0.18300  
 14  0.1453   3187.869067  x:  0.00661   0.01199   0.05089   0.00018   0.00767   0.43623   2.48402   0.18301  
 15 73.6682   3187.798267  x:  0.00609   0.01153   0.05055   0.00039   0.00840   0.43964   2.52551   0.17550  
 16  0.0400   3187.775577  x:  0.00558   0.01132   0.05041   0.00058   0.00904   0.44159   2.56125   0.17883  
 17  0.0302   3187.773605  x:  0.00551   0.01157   0.05047   0.00062   0.00911   0.44266   2.56396   0.17848  
 18  0.0039   3187.773486  x:  0.00548   0.01154   0.05049   0.00064   0.00914   0.44294   2.56052   0.17834  
 19  0.0036   3187.773486  x:  0.00548   0.01154   0.05050   0.00064   0.00914   0.44292   2.56053   0.17834  
 20  0.0000   3187.773486  x:  0.00548   0.01154   0.05050   0.00064   0.00914   0.44292   2.56052   0.17834  
 21  0.0000   3187.773486  x:  0.00548   0.01154   0.05050   0.00064   0.00914   0.44292   2.56052   0.17834  