

TREE # 1

  0  0.0000    805.243061  x:  0.00000   0.01802   0.03762   0.01800   0.04651   0.03941   2.00000   0.40000  
  1 99.0000    805.242359  x:  0.00000   0.01802   0.03762   0.01800   0.04651   0.03941   2.00000   0.40000  
  2 337.0018    791.932888  x:  0.00000   0.02359   0.00834   0.02369   0.02216   0.00000   2.00032   0.39861  
  3 911.4057    791.672261  x:  0.00000   0.01826   0.00992   0.02623   0.01561   0.00000   2.00059   0.39758  
  4 57.3621    791.636546  x:  0.00000   0.01637   0.00855   0.02671   0.01687   0.00000   2.00251   0.39033  
  5  6.7491    788.740378  x:  0.00000   0.01615   0.00767   0.02451   0.01663   0.00000   2.09239   0.05130  
  6 72.0462    786.851010  x:  0.00000   0.01806   0.00239   0.00991   0.01076   0.00000   2.33077   0.09295  
  7  1.5086    786.406314  x:  0.00000   0.01785   0.00357   0.00460   0.01057   0.00000   2.41382   0.09219  
  8  1.6504    786.279191  x:  0.00576   0.01766   0.00460   0.00000   0.01040   0.00000   2.48592   0.09151  
  9 417.2868    786.122509  x:  0.00597   0.01733   0.00432   0.00000   0.01008   0.00000   2.64864   0.05453  
 10  0.5386    785.707930  x:  0.00335   0.01473   0.00561   0.00000   0.01107   0.00000   3.76327   0.07435  
 11  1.2533    785.508476  x:  0.00165   0.01303   0.00646   0.00423   0.01172   0.00000   4.49281   0.08732  
 12 18913.8996    785.284330  x:  0.00000   0.01583   0.00663   0.00599   0.01018   0.00000   5.29861   0.08964  
 13  1.0170    785.134783  x:  0.00000   0.01775   0.00572   0.00435   0.01224   0.00000   6.44346   0.08501  
 14  1.1821    785.104243  x:  0.00161   0.01838   0.00542   0.00382   0.01292   0.00000   6.82005   0.08349  
 15 9493.9307    784.854346  x:  0.00149   0.01729   0.00455   0.00386   0.00877   0.00000   9.63721   0.08566  
 16  2.3023    784.641153  x:  0.00051   0.01494   0.00508   0.00499   0.01230   0.00000  14.74453   0.10323  
 17  1.6922    784.550001  x:  0.00000   0.01518   0.00514   0.00531   0.01098   0.00000  17.63106   0.10644  
 18  2.1306    784.510617  x:  0.00000   0.01551   0.00524   0.00653   0.01006   0.00000  21.65445   0.10916  
 19  6.2768    784.439694  x:  0.00000   0.01645   0.00495   0.00492   0.00927   0.00000  28.09910   0.11026  
 20 15.2941    784.357536  x:  0.00000   0.01577   0.00530   0.00545   0.01158   0.00000  43.24884   0.11247  
 21  4.5042    784.305208  x:  0.00000   0.01574   0.00512   0.00493   0.00976   0.00000  63.46996   0.10807  
 22  6.1071    784.302966  x:  0.00039   0.01574   0.00511   0.00489   0.00964   0.00000  64.88010   0.10776  
 23 45618.9469    784.271045  x:  0.00098   0.01581   0.00517   0.00439   0.01120   0.00000  97.11522   0.10805  
 24  9.4224    784.247501  x:  0.00169   0.01579   0.00514   0.00341   0.00990   0.00000  144.29767   0.10867  
 25 14.7060    784.232683  x:  0.00324   0.01578   0.00519   0.00217   0.01085   0.00000  214.29534   0.11265  
 26 21.0446    784.222517  x:  0.00510   0.01580   0.00513   0.00000   0.01001   0.00000  326.33885   0.11384  
 27 32.1632    784.222517  x:  0.00510   0.01580   0.00513   0.00000   0.01001   0.00000  326.33885   0.11384  
 28 39.0126    784.221219  x:  0.00522   0.01580   0.00515   0.00012   0.01018   0.00000  326.33885   0.11383  
 29 10.9331    784.220556  x:  0.00517   0.01579   0.00517   0.00008   0.01041   0.00000  326.33885   0.11383  
 30  7.2901    784.220552  x:  0.00517   0.01579   0.00516   0.00008   0.01041   0.00000  326.33885   0.11382  
 31  0.5089    784.220524  x:  0.00517   0.01573   0.00516   0.00008   0.01041   0.00000  326.33885   0.11349  
 32  0.1845    784.220355  x:  0.00517   0.01579   0.00516   0.00008   0.01041   0.00000  326.33885   0.11141  
 33  3.3749    784.220355  x:  0.00515   0.01579   0.00516   0.00010   0.01041   0.00000  326.33891   0.11141  
 34  0.0001    784.220355  x:  0.00518   0.01579   0.00516   0.00007   0.01041   0.00000  326.33898   0.11141  
 35  0.0001    784.220355  x:  0.00524   0.01579   0.00516   0.00000   0.01041   0.00000  326.33916   0.11141  