

TREE # 1

  0  0.0000    511.697615  x:  0.00000   0.01783   0.03662   0.01800   0.00191   0.00188   2.00000   0.40000  
  1 99.0000    511.691573  x:  0.00000   0.01783   0.03662   0.01800   0.00188   0.00186   2.00000   0.40000  
  2 165.0666    511.256030  x:  0.00000   0.01747   0.03642   0.01745   0.00003   0.00000   2.00002   0.39985  
  3 3440.0348    511.253075  x:  0.00000   0.01747   0.03641   0.01744   0.00000   0.00000   2.00002   0.39984  
  4 92.8438    511.199701  x:  0.00000   0.01495   0.03302   0.01937   0.00000   0.00000   2.00117   0.39006  
  5 11.1159    508.066350  x:  0.00000   0.01102   0.03223   0.01452   0.00000   0.00000   2.04277   0.04728  
  6 50.9277    508.006595  x:  0.00000   0.01186   0.03227   0.01602   0.00000   0.00000   2.04663   0.03496  
  7  2.2131    507.987874  x:  0.00257   0.01162   0.03226   0.01558   0.00000   0.00000   2.04566   0.03857  
  8 26.6857    507.860763  x:  0.00000   0.01363   0.03276   0.01781   0.00000   0.00000   2.13236   0.04225  
  9  0.8034    507.860763  x:  0.00000   0.01363   0.03276   0.01781   0.00000   0.00000   2.13236   0.04225  
 10  0.4931    507.795692  x:  0.00013   0.01773   0.03472   0.01807   0.00000   0.00000   2.13241   0.04242  
 11 31.0080    507.792818  x:  0.00000   0.01767   0.03513   0.01795   0.00000   0.00000   2.13244   0.04248  
 12  7.8555    507.791237  x:  0.00000   0.01746   0.03572   0.01855   0.00000   0.00000   2.13253   0.04270  
 13  4.7757    507.790297  x:  0.00000   0.01747   0.03564   0.01851   0.00000   0.00000   2.13361   0.04475  
 14  0.8661    507.700294  x:  0.00000   0.01369   0.03506   0.01763   0.00000   0.00000   2.57145   0.04785  
 15  0.5041    507.697424  x:  0.00104   0.01359   0.03507   0.01759   0.00000   0.00000   2.59604   0.04803  
 16 58.5719    507.534452  x:  0.00133   0.01846   0.03900   0.01638   0.00000   0.00000   3.52286   0.05511  
 17 44.9536    507.488858  x:  0.00259   0.01666   0.03526   0.01474   0.00000   0.00000   4.20187   0.05701  
 18  0.2907    507.480493  x:  0.00360   0.01693   0.03681   0.01418   0.00000   0.00000   4.60748   0.05775  
 19  0.1997    507.479697  x:  0.00363   0.01686   0.03640   0.01388   0.00000   0.00000   4.74477   0.05795  
 20  0.0991    507.479680  x:  0.00371   0.01690   0.03641   0.01386   0.00000   0.00000   4.76146   0.05794  
 21  0.0141    507.479680  x:  0.00371   0.01690   0.03641   0.01385   0.00000   0.00000   4.76180   0.05792  
 22  0.0003    507.479680  x:  0.00371   0.01690   0.03641   0.01386   0.00000   0.00000   4.76154   0.05792  
 23  0.0002    507.479680  x:  0.00371   0.01690   0.03641   0.01386   0.00000   0.00000   4.76156   0.05792  
 24  0.0000    507.479680  x:  0.00371   0.01690   0.03641   0.01386   0.00000   0.00000   4.76156   0.05792  