

TREE # 1

  0  0.0000   2544.772712  x:  0.01154   0.03378   0.02946   0.02954   0.01231   0.03510   2.00000   0.40000  
  1 99.0000   2544.674454  x:  0.01328   0.03405   0.03057   0.03128   0.01149   0.03644   2.00034   0.39905  
  2 60.8041   2544.634600  x:  0.01306   0.03409   0.03142   0.03106   0.01247   0.03799   2.00130   0.39631  
  3 26.6460   2544.520342  x:  0.01193   0.03400   0.03208   0.02993   0.01078   0.04005   2.00498   0.38591  
  4 69.5537   2543.248173  x:  0.01290   0.03248   0.02853   0.03090   0.01138   0.04087   2.04437   0.27475  
  5 223.2953   2543.115434  x:  0.01264   0.03405   0.03129   0.03064   0.01143   0.03883   2.04948   0.26132  
  6 215.3512   2541.254582  x:  0.01290   0.04384   0.02729   0.03089   0.01118   0.03893   2.86231   0.31036  
  7  5.6502   2540.221494  x:  0.01320   0.03320   0.03184   0.03118   0.01076   0.03610   3.24466   0.33346  
  8 2698.3533   2539.945630  x:  0.01339   0.03308   0.03033   0.03131   0.01183   0.03807   3.55879   0.30093  
  9  0.2356   2539.880235  x:  0.01326   0.03460   0.03112   0.03118   0.01174   0.03702   3.78553   0.31299  
 10  0.1513   2539.873788  x:  0.01328   0.03395   0.03095   0.03120   0.01154   0.03726   3.85412   0.31428  
 11  0.0619   2539.873625  x:  0.01329   0.03404   0.03087   0.03121   0.01156   0.03730   3.86243   0.31411  
 12  0.0078   2539.873624  x:  0.01328   0.03404   0.03086   0.03122   0.01157   0.03730   3.86307   0.31420  
 13  0.0007   2539.873624  x:  0.01328   0.03404   0.03086   0.03122   0.01157   0.03730   3.86307   0.31420  
 14  0.0001   2539.873624  x:  0.01328   0.03404   0.03086   0.03122   0.01157   0.03730   3.86307   0.31420  
 15  0.0000   2539.873624  x:  0.01328   0.03404   0.03086   0.03122   0.01157   0.03730   3.86307   0.31420  
check convergence!
