

TREE # 1

  0  0.0000   1731.839846  x:  0.01856   0.02567   0.03368   0.03655   0.01840   0.05339   2.00000   0.40000  
  1 99.0000   1731.564878  x:  0.01716   0.03153   0.03488   0.03516   0.02152   0.05454   2.00606   0.38253  
  2 29.3400   1728.832228  x:  0.01743   0.03602   0.03660   0.03543   0.01298   0.05922   2.05933   0.22900  
  3 211.6267   1728.114603  x:  0.01832   0.03290   0.03581   0.03631   0.01731   0.05926   2.07634   0.18078  
  4 954.8875   1728.083056  x:  0.01710   0.03260   0.03563   0.03510   0.01719   0.05715   2.07827   0.17898  
  5 25.5893   1728.061628  x:  0.01784   0.03323   0.03587   0.03583   0.01713   0.05500   2.08160   0.17847  
  6 16.3895   1721.929346  x:  0.01664   0.02189   0.05233   0.03463   0.02193   0.05308   4.00925   0.25910  
  7 21.4506   1720.291327  x:  0.01752   0.02544   0.03229   0.03551   0.02184   0.05289   4.36480   0.27400  
  8 1808.8499   1719.370446  x:  0.01947   0.02999   0.03532   0.03742   0.01665   0.05724   5.03943   0.22725  
  9  0.5298   1718.826071  x:  0.01947   0.02499   0.03087   0.03741   0.01836   0.05272   6.01823   0.22489  
 10  0.4873   1718.597422  x:  0.01870   0.02662   0.03600   0.03662   0.01971   0.05229   6.67549   0.23716  
 11  0.4721   1718.537293  x:  0.01869   0.02707   0.03432   0.03662   0.01900   0.05508   7.13937   0.24002  
 12  0.3283   1718.530637  x:  0.01884   0.02663   0.03437   0.03677   0.01881   0.05412   7.29801   0.24057  
 13  0.1225   1718.530563  x:  0.01884   0.02670   0.03440   0.03677   0.01882   0.05415   7.31665   0.24085  
 14  0.0161   1718.530562  x:  0.01884   0.02669   0.03441   0.03677   0.01882   0.05416   7.31796   0.24082  
 15  0.0013   1718.530562  x:  0.01883   0.02669   0.03441   0.03677   0.01882   0.05416   7.31815   0.24081  
 16  0.0001   1718.530562  x:  0.01883   0.02669   0.03441   0.03677   0.01882   0.05416   7.31813   0.24081  
 17  0.0000   1718.530562  x:  0.01883   0.02669   0.03441   0.03677   0.01882   0.05416   7.31813   0.24081  