

TREE # 1

  0  0.0000    865.257976  x:  0.00336   0.03014   0.00783   0.02135   0.00794   0.01371   2.00000   0.40000  
  1 99.0000    865.121987  x:  0.00474   0.03096   0.00572   0.02274   0.00577   0.01528   2.00004   0.39970  
  2 62.8680    865.108716  x:  0.00502   0.03199   0.00606   0.02302   0.00615   0.01625   2.00009   0.39926  
  3 18.0146    865.102227  x:  0.00463   0.03319   0.00593   0.02263   0.00593   0.01618   2.00021   0.39828  
  4 10.0653    865.095441  x:  0.00495   0.03375   0.00570   0.02295   0.00626   0.01555   2.00052   0.39582  
  5  8.6202    865.078963  x:  0.00540   0.03419   0.00642   0.02339   0.00578   0.01489   2.00138   0.38896  
  6 39.3479    864.674440  x:  0.00521   0.03379   0.00628   0.02320   0.00593   0.01542   2.01887   0.24895  
  7 124.5287    864.597542  x:  0.00492   0.03294   0.00589   0.02289   0.00604   0.01629   2.43253   0.27017  
  8  0.3691    864.594528  x:  0.00495   0.03302   0.00593   0.02292   0.00604   0.01624   2.45511   0.26072  
  9  0.0369    864.594381  x:  0.00498   0.03311   0.00597   0.02295   0.00603   0.01615   2.46706   0.26144  
 10  0.0110    864.594377  x:  0.00497   0.03310   0.00596   0.02295   0.00602   0.01615   2.46981   0.26150  
 11  0.0023    864.594377  x:  0.00497   0.03310   0.00596   0.02295   0.00603   0.01615   2.46986   0.26150  
 12  0.0001    864.594377  x:  0.00497   0.03310   0.00596   0.02296   0.00603   0.01615   2.46986   0.26150  
 13  0.0000    864.594377  x:  0.00497   0.03310   0.00596   0.02296   0.00603   0.01615   2.46986   0.26150  