

TREE # 1

  0  0.0000   1477.421275  x:  0.01925   0.03463   0.04929   0.03725   0.02684   0.03159   2.00000   0.40000  
  1 99.0000   1461.561913  x:  0.01045   0.00822   0.03556   0.02845   0.01694   0.01389   2.03297   0.16791  
  2 91.6256   1449.196431  x:  0.00741   0.00417   0.02927   0.02540   0.01347   0.00881   2.05315   0.02493  
  3 9494.6624   1449.164212  x:  0.00692   0.00450   0.02906   0.02491   0.01284   0.00880   2.05346   0.02430  
  4 75.7371   1449.154389  x:  0.00672   0.00442   0.02899   0.02472   0.01269   0.00918   2.05369   0.02412  
  5 53.1939   1449.094105  x:  0.00589   0.00458   0.02861   0.02389   0.01405   0.00909   2.05993   0.02388  
  6 16.9753   1446.284601  x:  0.00892   0.00536   0.01815   0.02691   0.01570   0.00985   2.34015   0.01603  
  7 223.5395   1442.647813  x:  0.00971   0.00489   0.02424   0.02771   0.01597   0.00980   2.66847   0.00638  
  8 5570.4025   1417.745904  x:  0.01883   0.00630   0.07325   0.03682   0.01785   0.01714   9.41298   0.05206  
  9 46.9671   1408.831953  x:  0.04050   0.01908   0.06357   0.05841   0.04376   0.03439   8.70113   0.02828  
 10  0.1496   1406.667479  x:  0.03666   0.02183   0.05653   0.05447   0.03919   0.03572   8.87907   0.01271  
 11  0.0503   1405.321692  x:  0.02701   0.02082   0.05995   0.04472   0.02633   0.03248  10.33277   0.01565  
 12  0.7292   1404.492426  x:  0.02770   0.02622   0.06218   0.04528   0.02519   0.03729  12.30076   0.01041  
 13  0.5231   1403.807256  x:  0.03064   0.03020   0.06829   0.04813   0.02697   0.04130  14.32941   0.01560  
 14  1.9771   1403.648827  x:  0.02806   0.03295   0.06793   0.04542   0.02344   0.04222  15.89029   0.01486  
 15  0.7172   1403.453143  x:  0.02975   0.03716   0.06225   0.04695   0.02760   0.04379  17.29924   0.01361  
 16  0.3905   1403.280247  x:  0.02751   0.03755   0.05464   0.04461   0.02780   0.04039  17.89269   0.01544  
 17  0.2124   1403.246321  x:  0.02857   0.03602   0.05616   0.04571   0.02824   0.03854  17.51101   0.01651  
 18  0.1110   1403.171455  x:  0.02975   0.03760   0.05485   0.04673   0.02861   0.03475  19.05359   0.01575  
 19  0.2989   1403.163728  x:  0.02993   0.03776   0.05650   0.04692   0.02825   0.03518  19.18088   0.01525  
 20  0.1126   1403.158912  x:  0.02943   0.03710   0.05732   0.04643   0.02847   0.03445  19.25701   0.01540  
 21  0.0116   1403.154666  x:  0.02905   0.03719   0.05727   0.04605   0.02926   0.03489  19.45863   0.01522  
 22  0.0957   1403.150702  x:  0.02963   0.03710   0.05711   0.04665   0.02963   0.03457  19.92531   0.01537  
 23  0.0583   1403.139891  x:  0.02950   0.03571   0.05746   0.04663   0.02872   0.03567  20.52825   0.01540  
 24  0.1289   1403.139273  x:  0.02962   0.03554   0.05718   0.04676   0.02869   0.03561  20.44635   0.01524  
 25  0.0527   1403.139248  x:  0.02962   0.03547   0.05723   0.04677   0.02873   0.03560  20.41676   0.01524  
 26  0.0257   1403.139248  x:  0.02962   0.03548   0.05724   0.04677   0.02873   0.03560  20.41498   0.01524  
 27  0.0017   1403.139248  x:  0.02962   0.03548   0.05724   0.04677   0.02873   0.03560  20.41495   0.01524  
 28  0.0000   1403.139248  x:  0.02962   0.03548   0.05724   0.04677   0.02873   0.03560  20.41496   0.01524  