

TREE # 1

  0  0.0000   3833.929139  x:  0.00000   0.01283   0.02610   0.01800   0.02662   0.02618   2.00000   0.40000  
  1 99.0000   3833.923362  x:  0.00000   0.01283   0.02609   0.01800   0.02662   0.02617   2.00000   0.40000  
  2 592.5131   3832.867842  x:  0.00000   0.01804   0.02473   0.02276   0.02289   0.02276   2.00015   0.39814  
  3 305.7632   3831.471870  x:  0.00000   0.01277   0.03187   0.02777   0.01815   0.02265   2.00428   0.34829  
  4 55.7924   3820.112836  x:  0.00000   0.01437   0.03954   0.02439   0.01639   0.01874   2.02572   0.08831  
  5 1196.2015   3819.649100  x:  0.00000   0.01294   0.03632   0.02689   0.01724   0.02047   2.02717   0.07120  
  6 555.5387   3819.645740  x:  0.00000   0.01303   0.03626   0.02678   0.01694   0.02081   2.02728   0.07110  
  7 12.4348   3815.812722  x:  0.00000   0.01027   0.02068   0.02873   0.01679   0.02239   2.71526   0.11043  
  8  3.1006   3812.372678  x:  0.00000   0.01167   0.01441   0.02061   0.01381   0.01485   2.69970   0.08977  
  9  0.0865   3811.976528  x:  0.00000   0.01168   0.01710   0.01740   0.01422   0.01426   2.71404   0.08813  
 10  0.0405   3811.942404  x:  0.00000   0.01145   0.01696   0.01707   0.01473   0.01495   2.61909   0.08915  
 11  0.1430   3811.941499  x:  0.00021   0.01144   0.01695   0.01706   0.01475   0.01499   2.61483   0.08919  
 12 179.8863   3811.938183  x:  0.00015   0.01135   0.01708   0.01712   0.01475   0.01479   2.57218   0.08923  
 13  0.0668   3811.937912  x:  0.00014   0.01144   0.01709   0.01713   0.01476   0.01478   2.56885   0.08934  
 14  0.0045   3811.937908  x:  0.00014   0.01144   0.01709   0.01713   0.01475   0.01478   2.56880   0.08935  
 15  0.0001   3811.937908  x:  0.00014   0.01144   0.01709   0.01713   0.01475   0.01478   2.56897   0.08936  