

TREE # 1

  0  0.0000    825.779081  x:  0.03557   0.04533   0.04669   0.05356   0.00533   0.04030   2.00000   0.40000  
  1 99.0000    825.773710  x:  0.03557   0.04569   0.04668   0.05356   0.00601   0.04036   2.00029   0.39992  
  2 13.3706    825.758784  x:  0.03552   0.04878   0.04653   0.05351   0.00577   0.04064   2.00324   0.39914  
  3  9.6278    824.788855  x:  0.03607   0.04859   0.03799   0.05406   0.00581   0.03416   2.36856   0.30231  
  4  9.5051    824.485991  x:  0.03613   0.04776   0.04581   0.05413   0.00554   0.04131   2.49416   0.27174  
  5 387.3403    824.129949  x:  0.03583   0.04877   0.05566   0.05382   0.00580   0.03237   2.64850   0.29225  
  6 31.5602    821.298527  x:  0.03286   0.04407   0.04790   0.05086   0.00516   0.05396   4.25112   0.53979  
  7 442.5605    821.270750  x:  0.03577   0.04414   0.04788   0.05376   0.00509   0.05415   4.26377   0.54176  
  8 44.3821    820.209634  x:  0.03563   0.05186   0.04620   0.05361   0.00604   0.03477   5.48536   0.52380  
  9  0.4567    819.781784  x:  0.03666   0.04259   0.04521   0.05463   0.00509   0.04294   6.80793   0.52840  
 10  0.4218    819.613048  x:  0.03581   0.04889   0.04746   0.05377   0.00553   0.03968   7.87148   0.50333  
 11  0.5631    819.596181  x:  0.03607   0.04715   0.04625   0.05402   0.00548   0.04090   8.29389   0.49943  
 12  0.2640    819.595561  x:  0.03608   0.04738   0.04667   0.05403   0.00545   0.04079   8.37732   0.50035  
 13  0.0569    819.595449  x:  0.03607   0.04738   0.04653   0.05401   0.00546   0.04078   8.40469   0.50233  
 14  0.0144    819.595443  x:  0.03607   0.04736   0.04656   0.05401   0.00546   0.04077   8.40081   0.50271  
 15  0.0032    819.595443  x:  0.03606   0.04736   0.04656   0.05401   0.00546   0.04077   8.40042   0.50271  
 16  0.0004    819.595443  x:  0.03606   0.04736   0.04656   0.05401   0.00546   0.04077   8.40042   0.50271  
 17  0.0000    819.595443  x:  0.03606   0.04736   0.04656   0.05401   0.00546   0.04077   8.40043   0.50271  
 18  0.0000    819.595443  x:  0.03606   0.04736   0.04656   0.05401   0.00546   0.04077   8.40043   0.50271  