

TREE # 1

  0  0.0000   1015.174461  x:  0.00078   0.00375   0.04261   0.01878   0.00431   0.01873   2.00000   0.40000  
  1 99.0000   1015.143053  x:  0.00062   0.00482   0.04259   0.01861   0.00465   0.01874   2.00005   0.39970  
  2 57.4118   1015.120199  x:  0.00000   0.00470   0.04250   0.01800   0.00481   0.01877   2.00034   0.39798  
  3 17.8336   1015.120199  x:  0.00000   0.00470   0.04250   0.01800   0.00481   0.01877   2.00034   0.39798  
  4 73.4013   1015.104994  x:  0.00065   0.00467   0.04248   0.01865   0.00432   0.01876   2.00051   0.39696  
  5 20.6906   1015.067662  x:  0.00151   0.00469   0.04241   0.01951   0.00542   0.01875   2.00132   0.39214  
  6 34.5389   1011.344400  x:  0.00173   0.00486   0.03875   0.01973   0.00555   0.01825   2.05055   0.09854  
  7 144.7326   1011.295065  x:  0.00177   0.00485   0.04221   0.01976   0.00556   0.01964   2.05196   0.09174  
  8 54.3044   1011.291857  x:  0.00177   0.00495   0.04271   0.01976   0.00556   0.01898   2.05226   0.09135  
  9  8.8503   1011.291593  x:  0.00177   0.00484   0.04274   0.01976   0.00557   0.01892   2.05235   0.09133  
 10  4.4188   1010.274002  x:  0.00084   0.00483   0.04870   0.01880   0.00497   0.01975   3.33745   0.15970  
 11  2.9237   1009.674948  x:  0.00023   0.00489   0.04113   0.01816   0.00456   0.01860   4.00960   0.10402  
 12  1.2962   1009.529714  x:  0.00089   0.00481   0.04523   0.01864   0.00497   0.01921   4.94396   0.11637  
 13  0.3204   1009.500375  x:  0.00053   0.00488   0.04348   0.01826   0.00471   0.01896   5.31410   0.10901  
 14  0.2648   1009.497305  x:  0.00053   0.00487   0.04322   0.01826   0.00471   0.01891   5.44350   0.11339  
 15  0.1058   1009.497133  x:  0.00056   0.00487   0.04327   0.01831   0.00475   0.01892   5.48022   0.11299  
 16  0.0317   1009.497127  x:  0.00054   0.00487   0.04329   0.01831   0.00474   0.01892   5.48521   0.11297  
 17  0.0046   1009.497127  x:  0.00054   0.00487   0.04329   0.01831   0.00474   0.01892   5.48522   0.11297  
 18  0.0000   1009.497127  x:  0.00054   0.00487   0.04329   0.01831   0.00474   0.01892   5.48522   0.11297  