

TREE # 1

  0  0.0000    689.909587  x:  0.00359   0.02478   0.01639   0.02159   0.03208   0.00960   2.00000   0.40000  
  1 99.0000    689.789566  x:  0.00546   0.02256   0.01916   0.02345   0.03228   0.00680   2.00048   0.39755  
  2 40.4247    689.706416  x:  0.00515   0.01912   0.02129   0.02314   0.03351   0.00836   2.00167   0.39143  
  3 30.0677    689.386008  x:  0.00197   0.01640   0.02139   0.01996   0.03716   0.00501   2.00765   0.36061  
  4 58.3560    684.375435  x:  0.00431   0.01721   0.01934   0.02231   0.06236   0.00343   2.06765   0.05072  
  5 426.4824    684.229692  x:  0.00358   0.01741   0.02064   0.02158   0.05902   0.00353   2.07068   0.03573  
  6 171.2418    684.222459  x:  0.00378   0.01665   0.01973   0.02177   0.05842   0.00348   2.07130   0.03503  
  7 10.8435    682.569753  x:  0.00135   0.01494   0.02141   0.01934   0.03030   0.00485   2.71749   0.05154  
  8  3.7199    680.869273  x:  0.00842   0.02471   0.01673   0.02638   0.04025   0.00847   4.54831   0.05987  
  9  1.5399    680.287053  x:  0.00710   0.02436   0.02092   0.02501   0.02726   0.00774   5.74305   0.06576  
 10  0.6796    679.625365  x:  0.00282   0.02050   0.02186   0.02064   0.03779   0.00645   8.17646   0.07724  
 11  1.0202    679.165979  x:  0.00623   0.02002   0.01574   0.02390   0.03233   0.00560  11.42725   0.08145  
 12  1.2182    678.823025  x:  0.00642   0.01980   0.02384   0.02383   0.03344   0.00737  16.41958   0.08162  
 13  1.8623    678.511310  x:  0.00394   0.02225   0.01779   0.02090   0.03340   0.00658  24.04625   0.07968  
 14  2.4716    678.328251  x:  0.00778   0.02076   0.01966   0.02410   0.03476   0.00641  34.62036   0.07528  
 15  3.4166    678.183045  x:  0.00543   0.02033   0.01825   0.02063   0.03297   0.00629  52.21694   0.07334  
 16  5.0017    678.099584  x:  0.00803   0.02061   0.02045   0.02174   0.03486   0.00667  75.51474   0.07304  
 17  7.1794    678.026995  x:  0.00788   0.02112   0.01821   0.01893   0.03320   0.00633  116.44140   0.07803  
 18 11.5282    677.988784  x:  0.01054   0.02067   0.01997   0.01850   0.03424   0.00664  163.62988   0.08166  
 19 16.7747    677.962269  x:  0.01236   0.02104   0.01844   0.01506   0.03354   0.00644  244.02586   0.08460  
 20 22.3294    677.943140  x:  0.01641   0.02076   0.01996   0.01237   0.03412   0.00661  346.83742   0.08307  
 21 29.9827    677.925772  x:  0.02191   0.02091   0.01860   0.00577   0.03369   0.00643  531.86347   0.07917  
 22 50.6793    677.918933  x:  0.02843   0.02064   0.01968   0.00000   0.03401   0.00651  720.81284   0.07734  
 23 68.4556    677.918742  x:  0.02817   0.02062   0.01975   0.00000   0.03403   0.00651  733.20439   0.07722  
 24 4807.0046    677.914516  x:  0.02785   0.02083   0.01883   0.00000   0.03380   0.00644  869.72461   0.07851  
 25 60.0277    677.912027  x:  0.02798   0.02081   0.01894   0.00000   0.03383   0.00645  999.00000   0.07857  
 26 300.7762    677.911565  x:  0.02815   0.02078   0.01921   0.00000   0.03388   0.00649  999.00000   0.07950  
 27  0.0009    677.911551  x:  0.02812   0.02080   0.01919   0.00000   0.03387   0.00649  999.00000   0.07975  
 28  0.0002    677.911551  x:  0.02812   0.02080   0.01919   0.00000   0.03387   0.00649  999.00000   0.07975  
 29  0.0043    677.911551  x:  0.02812   0.02080   0.01919   0.00000   0.03387   0.00649  999.00000   0.07975  
 30  0.8230    677.911551  x:  0.02812   0.02080   0.01919   0.00000   0.03387   0.00649  999.00000   0.07976  