

TREE # 1

  0  0.0000   1582.758865  x:  0.00000   0.01460   0.00911   0.01800   0.01534   0.00610   2.00000   0.40000  
  1 99.0000   1582.758716  x:  0.00000   0.01460   0.00911   0.01800   0.01534   0.00610   2.00000   0.40000  
  2 45.6230   1582.662019  x:  0.00000   0.01430   0.00858   0.01776   0.01323   0.00738   2.00092   0.39401  
  3 52.0085   1580.586167  x:  0.00000   0.01354   0.01680   0.01916   0.00647   0.00453   2.02225   0.25575  
  4 188.1256   1573.739356  x:  0.00000   0.01211   0.01957   0.01811   0.00447   0.00418   2.05870   0.01907  
  5 6205.3508   1573.732712  x:  0.00000   0.01271   0.01946   0.01828   0.00440   0.00416   2.05888   0.01859  
  6 25.7373   1573.728618  x:  0.00000   0.01257   0.01922   0.01890   0.00438   0.00408   2.05993   0.01852  
  7  4.2807   1570.442674  x:  0.00000   0.01439   0.01655   0.02033   0.00803   0.00399   2.97780   0.00423  
  8 18.6745   1567.596309  x:  0.00000   0.01996   0.01023   0.02416   0.01350   0.00398   4.70241   0.03489  
  9 67.4203   1566.894904  x:  0.00000   0.01694   0.00672   0.02134   0.01315   0.00707   5.25241   0.03350  
 10  0.6077   1566.519879  x:  0.00000   0.01482   0.00925   0.01670   0.01345   0.00742   5.68977   0.03277  
 11  0.6442   1566.489083  x:  0.00266   0.01427   0.00991   0.01549   0.01353   0.00751   5.80451   0.03258  
 12 1027.6890   1566.047314  x:  0.01055   0.01224   0.00865   0.00676   0.01573   0.00502   7.47467   0.03005  
 13  0.5895   1565.760429  x:  0.01907   0.01676   0.00872   0.00000   0.01725   0.00551   9.16680   0.02598  
 14  0.5998   1565.687749  x:  0.01717   0.01526   0.00851   0.00000   0.01657   0.00617   9.15731   0.02469  
 15  0.0085   1565.677410  x:  0.01670   0.01489   0.00845   0.00140   0.01641   0.00633   9.15508   0.02437  
 16 29.4240   1565.639833  x:  0.01790   0.01451   0.00851   0.00000   0.01638   0.00629   9.48220   0.02306  
 17  0.5932   1565.639833  x:  0.01790   0.01451   0.00851   0.00000   0.01638   0.00629   9.48220   0.02306  
 18  1.9245   1565.613550  x:  0.01794   0.01477   0.00880   0.00004   0.01541   0.00558   9.48220   0.02298  
 19 40.2969   1565.607745  x:  0.01795   0.01489   0.00882   0.00006   0.01486   0.00587   9.48220   0.02289  
 20 22.6737   1565.607484  x:  0.01794   0.01487   0.00871   0.00004   0.01483   0.00585   9.48221   0.02279  
 21  3.4746   1565.606432  x:  0.01795   0.01480   0.00876   0.00005   0.01483   0.00586   9.48225   0.02180  
 22  3.4205   1565.606368  x:  0.01794   0.01487   0.00875   0.00004   0.01485   0.00586   9.48226   0.02174  
 23  2.0758   1565.606368  x:  0.01795   0.01487   0.00875   0.00005   0.01485   0.00586   9.48226   0.02174  
 24  0.1790   1565.606360  x:  0.01802   0.01488   0.00874   0.00000   0.01485   0.00586   9.48245   0.02174  
 25  0.1428   1565.392472  x:  0.01764   0.01473   0.00878   0.00000   0.01514   0.00604  13.95914   0.02316  
 26  0.5596   1565.390751  x:  0.01764   0.01473   0.00878   0.00045   0.01514   0.00604  14.00065   0.02318  
 27 736.8454   1565.355412  x:  0.01742   0.01502   0.00872   0.00056   0.01442   0.00563  17.10589   0.02285  
 28  1.3898   1565.349179  x:  0.01733   0.01485   0.00870   0.00065   0.01492   0.00587  18.00692   0.02316  
 29  0.6753   1565.348774  x:  0.01729   0.01485   0.00875   0.00069   0.01483   0.00585  18.45108   0.02325  
 30  0.2837   1565.348766  x:  0.01729   0.01486   0.00873   0.00069   0.01484   0.00585  18.47011   0.02322  
 31  0.0174   1565.348766  x:  0.01729   0.01486   0.00873   0.00069   0.01484   0.00585  18.47230   0.02322  