

TREE # 1

  0  0.0000   1492.443304  x:  0.00148   0.01073   0.03022   0.01948   0.01421   0.01074   2.00000   0.40000  
  1 99.0000   1492.397428  x:  0.00221   0.00961   0.03042   0.02020   0.01478   0.00983   2.00006   0.39931  
  2 45.2604   1492.336710  x:  0.00148   0.00934   0.03216   0.01948   0.01661   0.00965   2.00066   0.39263  
  3 19.8529   1491.891305  x:  0.00379   0.01168   0.03985   0.02179   0.01631   0.01089   2.00586   0.33394  
  4 127.0419   1490.751696  x:  0.00237   0.00889   0.04522   0.02037   0.01119   0.00963   2.01678   0.21053  
  5 855.0302   1490.132638  x:  0.00278   0.00967   0.04278   0.02077   0.01303   0.01012   2.02284   0.14195  
  6 1225.4487   1490.132499  x:  0.00277   0.00972   0.04278   0.02077   0.01302   0.01004   2.02289   0.14195  
  7  1.8431   1489.530749  x:  0.00263   0.01028   0.03283   0.02058   0.01555   0.01023   2.44838   0.17853  
  8  1.2924   1489.476887  x:  0.00222   0.00972   0.03067   0.02012   0.01517   0.00996   2.36545   0.16537  
  9  0.1035   1489.473315  x:  0.00215   0.00961   0.03119   0.02008   0.01497   0.00992   2.31148   0.16360  
 10  0.0586   1489.473142  x:  0.00217   0.00965   0.03112   0.02011   0.01494   0.00995   2.30084   0.16388  
 11  0.0109   1489.473140  x:  0.00216   0.00965   0.03112   0.02012   0.01495   0.00995   2.30095   0.16396  
 12  0.0001   1489.473140  x:  0.00215   0.00965   0.03112   0.02013   0.01495   0.00995   2.30093   0.16396  
 13  0.0000   1489.473140  x:  0.00215   0.00965   0.03112   0.02013   0.01495   0.00995   2.30093   0.16396  
 14  0.0000   1489.473140  x:  0.00215   0.00965   0.03112   0.02013   0.01495   0.00995   2.30093   0.16396  
check convergence!
