

TREE # 1

  0  0.0000   2030.935589  x:  0.02072   0.02850   0.02776   0.03871   0.01843   0.04867   2.00000   0.40000  
  1 99.0000   2030.875978  x:  0.02206   0.02854   0.02991   0.04006   0.01937   0.04915   2.00063   0.39798  
  2 32.8973   2030.703312  x:  0.02309   0.02779   0.03092   0.04109   0.01582   0.05078   2.00555   0.38229  
  3 29.5850   2029.536353  x:  0.02276   0.02528   0.02888   0.04076   0.01811   0.05743   2.03896   0.27607  
  4 274.8853   2029.305909  x:  0.02223   0.02929   0.03001   0.04022   0.01764   0.05402   2.04689   0.25214  
  5 244.1941   2029.262896  x:  0.02263   0.02787   0.03001   0.04062   0.01761   0.05127   2.04888   0.24787  
  6 48.1623   2029.160260  x:  0.02470   0.02915   0.02735   0.04270   0.01775   0.05102   2.09135   0.24996  
  7  5.2938   2026.607628  x:  0.02072   0.02806   0.03203   0.03870   0.01802   0.04782   3.41830   0.31849  
  8 448.3950   2026.420562  x:  0.02235   0.02797   0.02958   0.04032   0.01871   0.05128   3.57033   0.29458  
  9  0.1517   2026.393714  x:  0.02249   0.02876   0.02893   0.04046   0.01878   0.04932   3.68262   0.29481  
 10  0.0845   2026.387525  x:  0.02218   0.02852   0.02932   0.04015   0.01867   0.04966   3.76431   0.29621  
 11  0.0511   2026.387302  x:  0.02229   0.02852   0.02930   0.04027   0.01868   0.04968   3.77336   0.29686  
 12  0.0082   2026.387301  x:  0.02228   0.02852   0.02929   0.04027   0.01868   0.04969   3.77399   0.29687  
 13  0.0006   2026.387301  x:  0.02228   0.02852   0.02929   0.04027   0.01868   0.04969   3.77398   0.29688  
 14  0.0000   2026.387301  x:  0.02228   0.02852   0.02929   0.04027   0.01868   0.04969   3.77398   0.29688  