

TREE # 1

  0  0.0000   2518.336647  x:  0.00281   0.02193   0.01560   0.02081   0.01397   0.01203   2.00000   0.40000  
  1 99.0000   2518.293225  x:  0.00377   0.02179   0.01606   0.02176   0.01429   0.01214   2.00025   0.39885  
  2 47.2394   2516.819723  x:  0.00190   0.01600   0.02390   0.01990   0.01628   0.01192   2.02102   0.30276  
  3 49.2807   2513.549079  x:  0.00201   0.01814   0.02579   0.02001   0.01439   0.01269   2.05549   0.14322  
  4 2561.5220   2513.410424  x:  0.00218   0.01681   0.02361   0.02018   0.01592   0.01189   2.05765   0.13414  
  5 249.9087   2513.408160  x:  0.00216   0.01677   0.02354   0.02015   0.01603   0.01219   2.05783   0.13402  
  6 13.3386   2513.099534  x:  0.00167   0.01964   0.02391   0.01966   0.01958   0.01148   2.17404   0.13908  
  7  6.5635   2509.107344  x:  0.00370   0.01617   0.01505   0.02166   0.01452   0.01198   3.78324   0.20954  
  8 2746.4285   2508.023928  x:  0.00406   0.02137   0.01785   0.02196   0.01250   0.01278   4.31166   0.16405  
  9  0.6456   2507.738653  x:  0.00384   0.02321   0.01549   0.02172   0.01538   0.01229   4.71296   0.16871  
 10  0.3811   2507.499027  x:  0.00329   0.02288   0.01672   0.02122   0.01400   0.01169   5.70833   0.18961  
 11  0.3969   2507.437088  x:  0.00356   0.02249   0.01585   0.02154   0.01408   0.01233   6.06436   0.17909  
 12  0.2226   2507.428760  x:  0.00363   0.02215   0.01627   0.02165   0.01443   0.01224   6.20149   0.18031  
 13  0.1216   2507.427927  x:  0.00359   0.02203   0.01616   0.02163   0.01436   0.01215   6.24913   0.18107  
 14  0.0461   2507.427920  x:  0.00356   0.02204   0.01616   0.02164   0.01436   0.01216   6.25414   0.18101  
 15  0.0040   2507.427920  x:  0.00355   0.02204   0.01616   0.02166   0.01436   0.01216   6.25492   0.18104  
 16  0.0006   2507.427920  x:  0.00353   0.02204   0.01616   0.02167   0.01436   0.01216   6.25496   0.18103  
 17  0.0000   2507.427920  x:  0.00353   0.02204   0.01616   0.02168   0.01436   0.01216   6.25496   0.18103  