

TREE # 1

  0  0.0000   2478.217434  x:  0.00857   0.01595   0.01979   0.02656   0.01031   0.01029   2.00000   0.40000  
  1 99.0000   2478.197268  x:  0.00930   0.01621   0.01995   0.02730   0.01052   0.01058   2.00018   0.40020  
  2 34.8966   2478.194309  x:  0.00943   0.01621   0.01999   0.02743   0.01033   0.01033   2.00048   0.40052  
  3 11.3929   2477.926774  x:  0.00968   0.01347   0.02130   0.02768   0.01106   0.01014   2.04560   0.44916  
  4 19.3922   2477.354089  x:  0.00895   0.01677   0.02138   0.02694   0.00937   0.01134   2.15156   0.56307  
  5 1585.8009   2477.277678  x:  0.00899   0.01743   0.01997   0.02698   0.01048   0.01037   2.16481   0.57701  
  6 573.3321   2477.270684  x:  0.00908   0.01722   0.01938   0.02708   0.01030   0.01052   2.16618   0.57812  
  7 53.0688   2473.064061  x:  0.00940   0.01576   0.02058   0.02736   0.01024   0.01062   4.46675   0.43226  
  8  9.4460   2472.685456  x:  0.00939   0.01662   0.01960   0.02724   0.01048   0.01033   4.73334   0.55705  
  9  0.2921   2472.589048  x:  0.00953   0.01562   0.02052   0.02740   0.01026   0.01081   5.30447   0.55419  
 10  0.1774   2472.573087  x:  0.00943   0.01618   0.02001   0.02731   0.01044   0.01036   5.45001   0.55153  
 11  0.1032   2472.572526  x:  0.00943   0.01619   0.01998   0.02732   0.01041   0.01048   5.48164   0.55044  
 12  0.0263   2472.572522  x:  0.00943   0.01620   0.01999   0.02733   0.01040   0.01048   5.48355   0.55027  
 13  0.0018   2472.572522  x:  0.00942   0.01620   0.01999   0.02734   0.01040   0.01048   5.48339   0.55024  
 14  0.0001   2472.572522  x:  0.00941   0.01620   0.01999   0.02734   0.01040   0.01048   5.48339   0.55024  
 15  0.0000   2472.572522  x:  0.00941   0.01620   0.01999   0.02734   0.01040   0.01048   5.48338   0.55024  
 16  0.0000   2472.572522  x:  0.00941   0.01620   0.01999   0.02734   0.01040   0.01048   5.48338   0.55024  
 17  0.0009   2472.572522  x:  0.00941   0.01620   0.01999   0.02734   0.01040   0.01048   5.48338   0.55024  
check convergence!
