

TREE # 1

  0  0.0000   1426.941976  x:  0.00064   0.01272   0.00912   0.01864   0.00303   0.01249   2.00000   0.40000  
  1 99.0000   1426.933050  x:  0.00053   0.01264   0.00970   0.01852   0.00324   0.01272   2.00011   0.39946  
  2 20.6602   1426.925813  x:  0.00047   0.01258   0.00995   0.01847   0.00294   0.01287   2.00027   0.39871  
  3 30.1010   1426.277268  x:  0.00094   0.00954   0.00748   0.01893   0.00319   0.01986   2.02146   0.29771  
  4 55.4082   1424.669974  x:  0.00156   0.01267   0.00736   0.01955   0.00317   0.02235   2.05887   0.11929  
  5 2303.8548   1424.514875  x:  0.00126   0.01063   0.00757   0.01926   0.00317   0.02068   2.06358   0.09711  
  6 655.2044   1424.510776  x:  0.00092   0.01070   0.00743   0.01891   0.00317   0.02068   2.06620   0.09720  
  7  2.4682   1422.476975  x:  0.00025   0.00860   0.00955   0.01820   0.00305   0.01152   3.52817   0.15873  
  8 80.6426   1421.774113  x:  0.00092   0.01450   0.01020   0.01881   0.00297   0.01357   4.30319   0.12939  
  9  1.1947   1421.515209  x:  0.00095   0.01331   0.00913   0.01858   0.00308   0.01087   5.53044   0.12773  
 10  0.4009   1421.390568  x:  0.00078   0.01221   0.00925   0.01831   0.00306   0.01338   6.29483   0.13490  
 11  0.6995   1421.360010  x:  0.00105   0.01262   0.00991   0.01856   0.00293   0.01283   6.99433   0.13500  
 12  0.3237   1421.357122  x:  0.00091   0.01259   0.00968   0.01842   0.00303   0.01284   7.19726   0.13603  
 13  0.1315   1421.356991  x:  0.00093   0.01262   0.00965   0.01848   0.00300   0.01286   7.22903   0.13604  
 14  0.0278   1421.356989  x:  0.00092   0.01263   0.00965   0.01848   0.00300   0.01286   7.23159   0.13605  
 15  0.0025   1421.356989  x:  0.00091   0.01263   0.00965   0.01849   0.00300   0.01286   7.23159   0.13606  
 16  0.0000   1421.356989  x:  0.00090   0.01263   0.00965   0.01850   0.00300   0.01286   7.23158   0.13606  
 17  0.0001   1421.356989  x:  0.00090   0.01263   0.00965   0.01850   0.00300   0.01286   7.23158   0.13606  