

TREE # 1

  0  0.0000   4147.016802  x:  0.00533   0.00846   0.01287   0.02333   0.02277   0.01805   2.00000   0.40000  
  1 99.0000   4146.952561  x:  0.00615   0.00836   0.01361   0.02415   0.02303   0.01863   2.00011   0.39980  
  2 85.7759   4146.944659  x:  0.00613   0.00843   0.01336   0.02413   0.02328   0.01908   2.00052   0.39907  
  3 16.2100   4146.873258  x:  0.00569   0.00761   0.01383   0.02368   0.02398   0.01936   2.00568   0.38974  
  4 41.2476   4146.540083  x:  0.00521   0.00910   0.01505   0.02320   0.02526   0.01904   2.03070   0.34461  
  5 791.2642   4146.217902  x:  0.00609   0.00844   0.01374   0.02409   0.02468   0.01846   2.05415   0.30247  
  6 1755.2527   4146.195667  x:  0.00595   0.00844   0.01394   0.02394   0.02379   0.01901   2.05598   0.29953  
  7 126.9634   4142.969479  x:  0.00634   0.00810   0.01306   0.02430   0.02200   0.01865   3.61181   0.40900  
  8  6.7994   4142.808088  x:  0.00611   0.00847   0.01375   0.02393   0.02369   0.01859   3.71490   0.37618  
  9  0.0881   4142.779832  x:  0.00619   0.00830   0.01344   0.02402   0.02301   0.01863   3.79889   0.36571  
 10  0.0642   4142.775257  x:  0.00620   0.00830   0.01346   0.02407   0.02289   0.01865   3.86656   0.37201  
 11  0.0370   4142.774781  x:  0.00616   0.00831   0.01346   0.02407   0.02300   0.01864   3.88410   0.37127  
 12  0.0155   4142.774780  x:  0.00614   0.00831   0.01346   0.02408   0.02299   0.01864   3.88469   0.37126  
 13  0.0006   4142.774780  x:  0.00613   0.00831   0.01346   0.02410   0.02299   0.01864   3.88468   0.37126  