

TREE # 1

  0  0.0000   2117.446148  x:  0.00000   0.01045   0.03022   0.01800   0.01570   0.01575   2.00000   0.40000  
  1 99.0000   2117.443907  x:  0.00000   0.01045   0.03021   0.01800   0.01570   0.01575   2.00000   0.40000  
  2 298.9771   2117.270498  x:  0.00000   0.01197   0.02914   0.02160   0.01493   0.01486   2.00019   0.39753  
  3 79.3994   2117.089217  x:  0.00000   0.00931   0.02780   0.02351   0.01500   0.01479   2.00076   0.39024  
  4 61.6178   2109.032094  x:  0.00000   0.01123   0.00980   0.02052   0.01860   0.01735   2.02265   0.10667  
  5 208.0238   2107.136731  x:  0.00000   0.01123   0.00879   0.02057   0.01889   0.01742   2.02798   0.03743  
  6 14226.8220   2107.000233  x:  0.00000   0.01126   0.00905   0.02044   0.02194   0.01411   2.05367   0.03717  
  7  2.5339   2100.939838  x:  0.00000   0.01110   0.01852   0.01905   0.00780   0.01453   3.25483   0.02678  
  8 306.6896   2100.145512  x:  0.00000   0.01089   0.02023   0.01794   0.00902   0.00987   3.41193   0.04853  
  9  0.3798   2099.919821  x:  0.00000   0.01074   0.02108   0.01730   0.01002   0.00768   3.27233   0.03942  
 10  0.3582   2099.919778  x:  0.00006   0.01074   0.02108   0.01729   0.01003   0.00768   3.27198   0.03940  
 11  4.3313   2099.567691  x:  0.00152   0.01035   0.02399   0.01579   0.00866   0.00889   2.82351   0.02849  
 12  0.6056   2099.453305  x:  0.00209   0.01045   0.02581   0.01524   0.00865   0.00929   2.64771   0.03540  
 13  0.1623   2099.443652  x:  0.00230   0.01053   0.02621   0.01502   0.00916   0.00920   2.59656   0.03437  
 14  0.0793   2099.440407  x:  0.00239   0.01055   0.02639   0.01492   0.00900   0.00892   2.57093   0.03402  
 15  0.0487   2099.440141  x:  0.00239   0.01054   0.02643   0.01493   0.00901   0.00889   2.59361   0.03400  
 16  0.0178   2099.440113  x:  0.00240   0.01054   0.02648   0.01492   0.00900   0.00890   2.59287   0.03399  
 17  0.0006   2099.440113  x:  0.00240   0.01054   0.02648   0.01492   0.00900   0.00890   2.59295   0.03399  
 18  0.0001   2099.440113  x:  0.00240   0.01054   0.02648   0.01492   0.00900   0.00890   2.59295   0.03399  