

TREE # 1

  0  0.0000   1081.905924  x:  0.00000   0.00932   0.01544   0.01800   0.02051   0.01283   2.00000   0.40000  
  1 99.0000   1081.903836  x:  0.00000   0.00932   0.01543   0.01800   0.02051   0.01282   2.00000   0.40000  
  2 222.0493   1081.661157  x:  0.00000   0.01350   0.01560   0.02128   0.01944   0.00910   2.00014   0.39987  
  3 88.6771   1081.645519  x:  0.00000   0.01259   0.01641   0.02235   0.01946   0.00837   2.00031   0.39971  
  4 17.7862   1081.640401  x:  0.00000   0.01250   0.01638   0.02275   0.01860   0.00883   2.00166   0.39847  
  5  2.6791   1081.074259  x:  0.00000   0.01275   0.01825   0.01932   0.01553   0.00653   2.15235   0.25946  
  6 16.6336   1080.935819  x:  0.00000   0.01213   0.01480   0.02143   0.01717   0.00694   2.19323   0.22224  
  7 453.0988   1079.470983  x:  0.00000   0.01025   0.00653   0.02125   0.01474   0.00335   2.67497   0.29959  
  8  5.3658   1078.679872  x:  0.00000   0.00674   0.00942   0.01676   0.01116   0.00480   3.54374   0.36784  
  9  1.2184   1078.381356  x:  0.00000   0.00934   0.00886   0.01405   0.01340   0.00434   4.37256   0.42317  
 10  0.8292   1078.312747  x:  0.00336   0.00997   0.00872   0.01340   0.01394   0.00423   4.57213   0.43649  
 11 2566.8996   1078.130939  x:  0.00464   0.00845   0.00704   0.01193   0.01219   0.00344   5.54809   0.47791  
 12  0.7430   1078.044264  x:  0.00547   0.00761   0.00794   0.01116   0.01249   0.00465   6.33825   0.50529  
 13  0.6421   1078.016616  x:  0.00618   0.00782   0.00895   0.01049   0.01225   0.00405   6.66590   0.50754  
 14  0.6796   1077.982067  x:  0.00809   0.00892   0.00840   0.00869   0.01185   0.00429   7.36492   0.50237  
 15  0.5071   1077.958339  x:  0.00939   0.00855   0.00809   0.00728   0.01294   0.00398   7.93455   0.49219  
 16  0.6448   1077.948874  x:  0.00971   0.00816   0.00817   0.00677   0.01237   0.00402   8.23363   0.47440  
 17  0.2069   1077.947999  x:  0.00992   0.00827   0.00823   0.00667   0.01244   0.00409   8.24989   0.46751  
 18  0.0136   1077.947956  x:  0.00986   0.00825   0.00823   0.00675   0.01246   0.00408   8.20843   0.46599  
 19  0.0240   1077.947954  x:  0.00983   0.00825   0.00823   0.00677   0.01245   0.00408   8.19957   0.46598  
 20  0.0079   1077.947954  x:  0.00983   0.00825   0.00823   0.00677   0.01245   0.00408   8.19939   0.46597  
 21  0.0002   1077.947954  x:  0.00983   0.00825   0.00823   0.00677   0.01245   0.00408   8.19939   0.46597  
 22  0.0000   1077.947954  x:  0.00983   0.00825   0.00823   0.00677   0.01245   0.00408   8.19939   0.46597  
 23  0.0000   1077.947954  x:  0.00983   0.00825   0.00823   0.00677   0.01245   0.00408   8.19939   0.46597  