

TREE # 1

  0  0.0000   1616.747526  x:  0.00000   0.01955   0.05133   0.01800   0.03863   0.05118   2.00000   0.40000  
  1 99.0000   1615.732313  x:  0.00438   0.01559   0.04862   0.02237   0.02961   0.04500   2.00034   0.39726  
  2 150.9168   1615.341811  x:  0.00203   0.01513   0.04708   0.02003   0.02421   0.04089   2.00068   0.39452  
  3 139.8607   1615.173270  x:  0.00251   0.01903   0.04564   0.02050   0.02461   0.03749   2.00167   0.38663  
  4 43.7276   1614.085708  x:  0.00163   0.01488   0.03795   0.01962   0.03246   0.02971   2.00987   0.32065  
  5 107.3863   1610.388350  x:  0.00168   0.01555   0.03596   0.01967   0.03179   0.03180   2.03117   0.14898  
  6 668.4524   1610.341700  x:  0.00168   0.01512   0.03848   0.01967   0.03220   0.03041   2.03182   0.14587  
  7 45.1839   1608.532376  x:  0.00165   0.01578   0.04412   0.01961   0.02943   0.03588   3.30989   0.18724  
  8  2.9107   1608.269416  x:  0.00163   0.01643   0.04497   0.01956   0.02742   0.03949   3.32568   0.15744  
  9  0.0567   1608.236077  x:  0.00163   0.01648   0.04684   0.01957   0.02649   0.04094   3.25767   0.16279  
 10  0.0686   1608.234416  x:  0.00166   0.01643   0.04705   0.01962   0.02671   0.04112   3.22853   0.16088  
 11  0.0255   1608.234216  x:  0.00162   0.01645   0.04700   0.01962   0.02667   0.04101   3.21332   0.16091  
 12  0.0102   1608.234214  x:  0.00162   0.01644   0.04699   0.01964   0.02667   0.04101   3.21311   0.16093  
 13  0.0002   1608.234214  x:  0.00161   0.01644   0.04698   0.01965   0.02667   0.04101   3.21309   0.16093  
 14  0.0000   1608.234214  x:  0.00160   0.01644   0.04698   0.01966   0.02667   0.04101   3.21308   0.16093  
 15  0.0000   1608.234214  x:  0.00160   0.01644   0.04698   0.01966   0.02667   0.04101   3.21308   0.16093  
 16  0.0000   1608.234214  x:  0.00159   0.01644   0.04698   0.01967   0.02667   0.04101   3.21308   0.16093  