

TREE # 1

  0  0.0000   1197.687357  x:  0.00301   0.00740   0.00770   0.02101   0.05430   0.00311   2.00000   0.40000  
  1 99.0000   1197.643810  x:  0.00337   0.00743   0.00827   0.02137   0.05422   0.00414   2.00005   0.39953  
  2 69.1563   1197.594938  x:  0.00439   0.00724   0.00965   0.02238   0.05388   0.00362   2.00025   0.39746  
  3 45.2326   1197.391046  x:  0.00520   0.00446   0.00905   0.02320   0.05208   0.00374   2.00167   0.38335  
  4 52.8685   1194.275750  x:  0.00750   0.00723   0.00511   0.02549   0.03004   0.00384   2.02203   0.18024  
  5 522.2879   1192.805227  x:  0.00623   0.00640   0.00680   0.02423   0.02788   0.00380   2.03120   0.08850  
  6 2369.6455   1192.686728  x:  0.00745   0.00693   0.00531   0.02545   0.02936   0.00383   2.03223   0.07892  
  7 236.8845   1189.546759  x:  0.00370   0.00556   0.01033   0.02166   0.04923   0.00368   3.66300   0.10947  
  8  2.0816   1189.408391  x:  0.00382   0.00646   0.01028   0.02174   0.05103   0.00364   3.61154   0.08854  
  9  0.0530   1189.379866  x:  0.00445   0.00698   0.00931   0.02236   0.05269   0.00364   3.59530   0.09140  
 10  0.0169   1189.370119  x:  0.00396   0.00682   0.00896   0.02188   0.05372   0.00365   3.57040   0.09024  
 11  0.0248   1189.369453  x:  0.00401   0.00664   0.00907   0.02194   0.05387   0.00363   3.55568   0.09023  
 12  0.0100   1189.369380  x:  0.00400   0.00667   0.00907   0.02196   0.05394   0.00364   3.54231   0.09034  
 13  0.0068   1189.369375  x:  0.00399   0.00668   0.00908   0.02196   0.05392   0.00363   3.53976   0.09026  
 14  0.0020   1189.369374  x:  0.00398   0.00667   0.00908   0.02197   0.05391   0.00363   3.53923   0.09028  
 15  0.0004   1189.369374  x:  0.00398   0.00667   0.00908   0.02197   0.05391   0.00363   3.53919   0.09027  
 16  0.0000   1189.369374  x:  0.00398   0.00667   0.00908   0.02197   0.05391   0.00363   3.53919   0.09027  