

TREE # 1

  0  0.0000   2748.153009  x:  0.01137   0.02607   0.13539   0.02936   0.01324   0.01778   2.00000   0.40000  
  1 99.0000   2746.856715  x:  0.01222   0.01611   0.14038   0.03021   0.01338   0.01644   2.00200   0.37950  
  2 97.7398   2730.979042  x:  0.02353   0.01674   0.19462   0.04152   0.01918   0.01724   2.02643   0.12783  
  3 474.2581   2729.718667  x:  0.01980   0.01690   0.19653   0.03779   0.01455   0.01688   2.02915   0.10112  
  4 718.3577   2729.624932  x:  0.01883   0.01661   0.19499   0.03683   0.01656   0.01784   2.02977   0.09857  
  5 71.1009   2729.566485  x:  0.01961   0.01656   0.19146   0.03761   0.01731   0.01638   2.03111   0.09670  
  6 33.3692   2729.535280  x:  0.02059   0.01629   0.18912   0.03858   0.01685   0.01734   2.03241   0.09570  
  7 41.8504   2724.572432  x:  0.01609   0.01635   0.16117   0.03408   0.01477   0.01725   3.42284   0.12140  
  8  8.5961   2724.200965  x:  0.01309   0.01894   0.15009   0.03106   0.01335   0.01746   3.25357   0.12344  
  9  0.2662   2724.095232  x:  0.01326   0.02176   0.15375   0.03122   0.01310   0.01782   3.18028   0.12301  
 10  0.0748   2724.089969  x:  0.01345   0.02183   0.15264   0.03141   0.01335   0.01779   3.14441   0.12337  
 11  0.0466   2724.089096  x:  0.01336   0.02175   0.15284   0.03133   0.01331   0.01778   3.12397   0.12323  
 12  0.0180   2724.089058  x:  0.01339   0.02170   0.15290   0.03137   0.01330   0.01778   3.12396   0.12318  
 13  0.0001   2724.089057  x:  0.01338   0.02170   0.15291   0.03137   0.01331   0.01778   3.12411   0.12317  
 14  0.0002   2724.089057  x:  0.01338   0.02170   0.15291   0.03137   0.01331   0.01778   3.12411   0.12317  