

TREE # 1

  0  0.0000    433.413007  x:  0.00670   0.00000   0.00000   0.02469   0.00988   0.02075   2.00000   0.40000  
  1 99.0000    433.412845  x:  0.00670   0.00000   0.00000   0.02469   0.00988   0.02075   2.00000   0.40000  
  2 142.5901    433.305158  x:  0.00602   0.00000   0.00000   0.02405   0.00664   0.01823   2.00323   0.37891  
  3 25.5557    429.758666  x:  0.01635   0.00000   0.00000   0.03500   0.00646   0.00533   2.06123   0.00010  
  4 245.0807    429.748350  x:  0.01549   0.00000   0.00000   0.03401   0.00716   0.00501   2.04928   0.00010  
  5  9.3789    428.042441  x:  0.00371   0.00000   0.00000   0.02115   0.01350   0.01239   2.73738   0.00010  
  6  1.8967    427.702577  x:  0.02281   0.00000   0.00000   0.01651   0.01428   0.01510   3.29452   0.00010  
  7  0.5860    427.170048  x:  0.00000   0.00000   0.00000   0.03079   0.01222   0.02022   4.86930   0.00010  
  8  0.6018    427.170048  x:  0.00000   0.00000   0.00000   0.03079   0.01222   0.02022   4.86930   0.00010  
  9  2.8745    427.158640  x:  0.00026   0.00000   0.00000   0.03104   0.01054   0.02019   4.86932   0.00010  
 10 12.6620    427.158613  x:  0.00032   0.00000   0.00000   0.03110   0.01056   0.02022   4.86935   0.00010  
 11  0.5416    427.158465  x:  0.00028   0.00000   0.00000   0.03106   0.01054   0.02047   4.87120   0.00010  
 12  0.1752    426.663838  x:  0.00000   0.00000   0.00000   0.03090   0.01011   0.01910  12.69184   0.00010  
 13  8.3245    426.580426  x:  0.00007   0.00000   0.00000   0.03161   0.01191   0.02306  19.26767   0.00010  
 14  1.5015    426.535580  x:  0.00000   0.00000   0.00000   0.03141   0.01113   0.02177  21.65860   0.00010  
 15  2.8156    426.535398  x:  0.00000   0.00000   0.00000   0.03176   0.01112   0.02175  21.70964   0.00010  
 16 52.9185    426.471270  x:  0.00000   0.00000   0.00000   0.03085   0.00964   0.01819  32.24013   0.00010  
 17 10.4308    426.425083  x:  0.00000   0.00000   0.00000   0.03096   0.01102   0.02139  47.67407   0.00010  
 18  4.3596    426.391350  x:  0.00000   0.00000   0.00000   0.03123   0.01002   0.01865  72.42463   0.00010  
 19  7.2569    426.371343  x:  0.00000   0.00000   0.00000   0.03064   0.01060   0.02093  105.84696   0.00010  
 20 10.5269    426.356311  x:  0.00000   0.00000   0.00000   0.03144   0.01038   0.01896  160.26880   0.00010  
 21 16.1959    426.347319  x:  0.00000   0.00000   0.00000   0.03056   0.01025   0.02048  230.39353   0.00010  
 22 23.4554    426.340591  x:  0.00000   0.00000   0.00000   0.03136   0.01070   0.01936  348.09987   0.00010  
 23 35.3828    426.336380  x:  0.00000   0.00000   0.00000   0.03077   0.01008   0.02003  498.66838   0.00010  
 24 52.1193    426.333389  x:  0.00000   0.00000   0.00000   0.03104   0.01074   0.01973  746.32626   0.00010  
 25 75.1700    426.331452  x:  0.00000   0.00000   0.00000   0.03104   0.01028   0.01977  999.00000   0.00010  
 26 110.0834    426.331382  x:  0.00000   0.00000   0.00000   0.03098   0.01040   0.01980  999.00000   0.00010  