

TREE # 1

  0  0.0000   6832.611328  x:  0.02697   0.03063   0.03497   0.04496   0.02514   0.03732   2.00000   0.40000  
  1 99.0000   6832.386722  x:  0.02894   0.03149   0.03656   0.04694   0.02587   0.03853   2.00089   0.40214  
  2 106.2070   6831.457586  x:  0.03027   0.02912   0.03658   0.04826   0.02136   0.03943   2.01298   0.43058  
  3 80.8156   6827.756595  x:  0.02820   0.02763   0.03407   0.04620   0.02873   0.03900   2.07221   0.56804  
  4 1146.8030   6827.191034  x:  0.02707   0.03207   0.03526   0.04506   0.02755   0.03741   2.08114   0.58714  
  5 766.8198   6827.120928  x:  0.02718   0.03143   0.03640   0.04518   0.02771   0.03586   2.08644   0.58758  
  6 30.8031   6811.338429  x:  0.02238   0.02990   0.04256   0.04037   0.02690   0.04503   3.96276   0.61466  
  7 172.0476   6808.270580  x:  0.02744   0.03272   0.03326   0.04543   0.02694   0.03880   4.22662   0.61841  
  8 6760.8811   6807.477865  x:  0.02924   0.03123   0.03719   0.04713   0.02503   0.03721   4.55206   0.67054  
  9  0.1976   6807.254259  x:  0.02856   0.03114   0.03496   0.04641   0.02509   0.03776   4.84152   0.69909  
 10  0.1508   6807.224484  x:  0.02847   0.03114   0.03582   0.04632   0.02546   0.03834   4.92416   0.69747  
 11  0.0517   6807.215983  x:  0.02844   0.03129   0.03573   0.04630   0.02543   0.03794   4.97426   0.69196  
 12  0.0296   6807.215612  x:  0.02844   0.03126   0.03569   0.04632   0.02538   0.03803   4.97207   0.69031  
 13  0.0022   6807.215611  x:  0.02844   0.03125   0.03569   0.04633   0.02538   0.03802   4.97169   0.69029  
 14  0.0004   6807.215611  x:  0.02844   0.03125   0.03569   0.04633   0.02538   0.03802   4.97169   0.69029  