

TREE # 1

  0  0.0000   1222.842535  x:  0.00398   0.01629   0.00241   0.02197   0.01021   0.01984   2.00000   0.40000  
  1 99.0000   1222.783868  x:  0.00411   0.01614   0.00361   0.02210   0.01042   0.01976   2.00002   0.39973  
  2 104.7085   1222.733699  x:  0.00485   0.01483   0.00352   0.02285   0.01185   0.01907   2.00018   0.39746  
  3 34.5647   1222.308469  x:  0.00462   0.01154   0.00363   0.02262   0.00884   0.01496   2.00264   0.36327  
  4 45.6197   1216.494890  x:  0.00268   0.01402   0.00365   0.02068   0.01074   0.00732   2.02407   0.06437  
  5 798.4438   1216.214296  x:  0.00281   0.01351   0.00364   0.02081   0.01047   0.00792   2.02565   0.04230  
  6 5055.0300   1216.212856  x:  0.00302   0.01365   0.00363   0.02101   0.01036   0.00787   2.02572   0.04219  
  7  8.0668   1214.619002  x:  0.00610   0.01337   0.00349   0.02407   0.00861   0.01621   2.74280   0.06771  
  8  1.5389   1214.342142  x:  0.00534   0.01683   0.00343   0.02327   0.01163   0.01754   2.80224   0.05693  
  9  0.0610   1214.290174  x:  0.00496   0.01603   0.00339   0.02289   0.01109   0.01889   2.75413   0.04911  
 10  0.0321   1214.278010  x:  0.00503   0.01565   0.00337   0.02297   0.01076   0.01968   2.72235   0.05232  
 11  0.0212   1214.276571  x:  0.00503   0.01590   0.00336   0.02299   0.01088   0.02001   2.70817   0.05188  
 12  0.0099   1214.276559  x:  0.00504   0.01588   0.00336   0.02301   0.01089   0.02001   2.70453   0.05188  
 13  0.0027   1214.276558  x:  0.00503   0.01589   0.00336   0.02302   0.01089   0.02001   2.70302   0.05187  
 14  0.0010   1214.276558  x:  0.00503   0.01589   0.00336   0.02302   0.01089   0.02001   2.70295   0.05187  
 15  0.0000   1214.276558  x:  0.00503   0.01589   0.00336   0.02302   0.01089   0.02001   2.70295   0.05187  