

TREE # 1

  0  0.0000   1715.976325  x:  0.02502   0.02982   0.01624   0.04301   0.03811   0.03913   2.00000   0.40000  
  1 99.0000   1715.876370  x:  0.02715   0.03137   0.01387   0.04515   0.03824   0.03916   2.00067   0.39972  
  2 46.5866   1715.863575  x:  0.02779   0.03203   0.01470   0.04578   0.03821   0.03924   2.00140   0.39941  
  3 18.5001   1715.349187  x:  0.03004   0.02708   0.01514   0.04803   0.03352   0.04282   2.11560   0.35133  
  4 10.6399   1714.695433  x:  0.02778   0.03187   0.01450   0.04577   0.03673   0.04200   2.26204   0.29089  
  5 687.8798   1714.633157  x:  0.02847   0.03045   0.01487   0.04647   0.03803   0.03854   2.27745   0.28797  
  6 71.0428   1710.582491  x:  0.02527   0.03783   0.01355   0.04326   0.03082   0.03087   3.65476   0.45224  
  7 46.8033   1709.598097  x:  0.02656   0.03414   0.01429   0.04455   0.04300   0.03769   3.96181   0.48916  
  8 2219.4012   1708.757699  x:  0.03039   0.02996   0.01481   0.04835   0.03523   0.04309   4.76010   0.45580  
  9  0.3603   1708.336575  x:  0.02738   0.03174   0.01438   0.04532   0.03950   0.03854   5.50673   0.42613  
 10  0.3329   1708.300555  x:  0.02853   0.03203   0.01454   0.04647   0.03834   0.03951   5.78838   0.42708  
 11  0.1760   1708.294803  x:  0.02825   0.03189   0.01449   0.04619   0.03865   0.03935   5.92963   0.43454  
 12  0.0830   1708.294667  x:  0.02824   0.03194   0.01449   0.04618   0.03850   0.03930   5.92030   0.43508  
 13  0.0069   1708.294664  x:  0.02824   0.03192   0.01449   0.04618   0.03850   0.03929   5.91996   0.43522  
 14  0.0004   1708.294664  x:  0.02824   0.03192   0.01449   0.04619   0.03850   0.03929   5.91998   0.43523  