

TREE # 1

  0  0.0000   1109.920457  x:  0.00248   0.01471   0.03657   0.02047   0.06520   0.02412   2.00000   0.40000  
  1 99.0000   1109.861119  x:  0.00385   0.01339   0.03858   0.02185   0.06674   0.02378   2.00026   0.40391  
  2 23.0546   1109.671635  x:  0.00208   0.01435   0.04404   0.02008   0.07226   0.02312   2.00154   0.42263  
  3 54.7267   1108.994800  x:  0.00459   0.01940   0.03771   0.02259   0.07959   0.02763   2.00740   0.50643  
  4 93.5150   1108.298983  x:  0.00241   0.01236   0.03137   0.02041   0.07918   0.02622   2.01292   0.58340  
  5 392.4525   1107.667732  x:  0.00309   0.01415   0.03380   0.02108   0.06537   0.01951   2.01848   0.65634  
  6 245.7305   1107.538658  x:  0.00278   0.01346   0.03620   0.02077   0.06055   0.02306   2.01992   0.67280  
  7 142.0713   1106.701374  x:  0.00262   0.01375   0.03741   0.02059   0.06387   0.02339   3.19307   0.75783  
  8  1.5666   1106.430558  x:  0.00292   0.01456   0.03927   0.02076   0.06974   0.02395   3.04646   0.93387  
  9  0.0838   1106.399179  x:  0.00293   0.01414   0.03766   0.02078   0.06642   0.02343   3.03077   0.96918  
 10  0.0325   1106.398278  x:  0.00286   0.01409   0.03768   0.02072   0.06672   0.02358   3.02849   0.98082  
 11  0.0086   1106.398241  x:  0.00287   0.01413   0.03768   0.02074   0.06668   0.02358   3.03304   0.98241  
 12  0.0039   1106.398238  x:  0.00287   0.01411   0.03769   0.02075   0.06668   0.02357   3.03482   0.98254  
 13  0.0016   1106.398238  x:  0.00286   0.01412   0.03769   0.02075   0.06669   0.02357   3.03511   0.98250  
 14  0.0003   1106.398238  x:  0.00285   0.01412   0.03769   0.02076   0.06669   0.02357   3.03513   0.98250  
 15  0.0000   1106.398238  x:  0.00285   0.01412   0.03769   0.02076   0.06669   0.02357   3.03513   0.98250  
 16  0.0000   1106.398238  x:  0.00285   0.01412   0.03769   0.02076   0.06669   0.02357   3.03513   0.98250  
 17  0.0001   1106.398238  x:  0.00285   0.01412   0.03769   0.02076   0.06669   0.02357   3.03513   0.98250  
 18  0.0016   1106.398238  x:  0.00285   0.01412   0.03769   0.02076   0.06669   0.02357   3.03513   0.98250  
 19  0.7358   1106.398238  x:  0.00285   0.01412   0.03769   0.02076   0.06669   0.02357   3.03513   0.98250  
 20  0.0016   1106.398238  x:  0.00285   0.01412   0.03769   0.02076   0.06669   0.02357   3.03513   0.98250  
 21  0.3659   1106.398238  x:  0.00285   0.01412   0.03769   0.02076   0.06669   0.02357   3.03513   0.98250  
check convergence!
