

TREE # 1

  0  0.0000   1094.124209  x:  0.01901   0.02583   0.04966   0.03701   0.01591   0.01086   2.00000   0.40000  
  1 99.0000   1093.707403  x:  0.01779   0.01882   0.05615   0.03579   0.01330   0.01466   2.00150   0.38597  
  2 45.2233   1091.510857  x:  0.01915   0.01936   0.08325   0.03715   0.01506   0.00519   2.01191   0.28767  
  3 123.6940   1086.175217  x:  0.02405   0.03247   0.12772   0.04204   0.02350   0.01183   2.03402   0.07776  
  4 1678.3686   1085.680222  x:  0.02401   0.03227   0.12725   0.04201   0.02172   0.01120   2.03649   0.05409  
  5 499.3519   1085.668919  x:  0.02467   0.03104   0.12665   0.04267   0.02332   0.01107   2.03769   0.05357  
  6  7.8492   1085.621135  x:  0.02774   0.03054   0.12644   0.04573   0.02158   0.01115   2.05289   0.05377  
  7  5.3093   1080.581463  x:  0.02284   0.01622   0.07571   0.04083   0.01691   0.00628   3.71189   0.07855  
  8 66.0884   1079.885350  x:  0.02061   0.02337   0.06402   0.03858   0.01287   0.01038   3.88599   0.07721  
  9  0.1895   1079.783454  x:  0.02149   0.02246   0.06072   0.03947   0.01594   0.01132   3.87236   0.07576  
 10  0.0257   1079.769305  x:  0.02225   0.02232   0.06248   0.04022   0.01564   0.01196   3.81708   0.07289  
 11  0.0532   1079.766071  x:  0.02201   0.02219   0.06161   0.03999   0.01531   0.01224   3.78093   0.07207  
 12  0.0347   1079.765311  x:  0.02177   0.02231   0.06185   0.03975   0.01535   0.01236   3.76090   0.07237  
 13  0.0203   1079.765078  x:  0.02186   0.02227   0.06179   0.03985   0.01531   0.01238   3.74448   0.07269  
 14  0.0137   1079.765046  x:  0.02187   0.02229   0.06178   0.03985   0.01534   0.01235   3.73670   0.07258  
 15  0.0042   1079.765046  x:  0.02186   0.02229   0.06177   0.03985   0.01534   0.01234   3.73679   0.07259  
 16  0.0001   1079.765046  x:  0.02186   0.02229   0.06178   0.03985   0.01534   0.01234   3.73677   0.07259  
 17  0.0000   1079.765046  x:  0.02186   0.02229   0.06178   0.03985   0.01534   0.01234   3.73677   0.07259  