

TREE # 1

  0  0.0000   3123.972700  x:  0.00959   0.03045   0.02325   0.02758   0.02317   0.03855   2.00000   0.40000  
  1 99.0000   3123.929624  x:  0.00962   0.03114   0.02411   0.02762   0.02464   0.03919   2.00029   0.39884  
  2 38.4920   3123.692469  x:  0.00872   0.03338   0.02310   0.02671   0.02332   0.04325   2.00596   0.37672  
  3 28.7183   3122.917521  x:  0.01178   0.03173   0.02342   0.02978   0.02291   0.04456   2.02437   0.30508  
  4 359.2723   3122.594527  x:  0.00969   0.03091   0.02374   0.02768   0.02384   0.04219   2.03232   0.27461  
  5 601.9817   3122.579380  x:  0.00982   0.03195   0.02361   0.02782   0.02373   0.04141   2.03291   0.27315  
  6 34.5656   3122.462303  x:  0.00960   0.03213   0.02619   0.02760   0.02224   0.04118   2.09923   0.27826  
  7  3.7565   3121.290602  x:  0.00924   0.03159   0.02300   0.02721   0.02530   0.03931   2.82923   0.33473  
  8 1381.6515   3121.229517  x:  0.00992   0.03114   0.02391   0.02782   0.02439   0.03957   2.91291   0.32450  
  9  0.0761   3121.223928  x:  0.00964   0.03122   0.02386   0.02754   0.02425   0.03923   2.95526   0.32490  
 10  0.0356   3121.223496  x:  0.00965   0.03125   0.02379   0.02757   0.02431   0.03935   2.96902   0.32567  
 11  0.0119   3121.223482  x:  0.00965   0.03124   0.02381   0.02758   0.02432   0.03932   2.97042   0.32586  
 12  0.0014   3121.223482  x:  0.00965   0.03124   0.02381   0.02759   0.02432   0.03932   2.97049   0.32586  
 13  0.0001   3121.223482  x:  0.00965   0.03124   0.02381   0.02759   0.02432   0.03932   2.97049   0.32586  