

TREE # 1

  0  0.0000   1046.947120  x:  0.00000   0.01346   0.05059   0.01800   0.04768   0.05882   2.00000   0.40000  
  1 99.0000   1046.946529  x:  0.00000   0.01346   0.05059   0.01800   0.04768   0.05882   2.00000   0.40000  
  2 349.0366   1039.847293  x:  0.00000   0.03160   0.02974   0.01713   0.00884   0.03803   2.00040   0.39656  
  3 373.3659   1039.739212  x:  0.00000   0.03155   0.02736   0.01833   0.01116   0.03370   2.00066   0.39434  
  4 37.2316   1039.641777  x:  0.00000   0.02795   0.02934   0.02221   0.00974   0.03022   2.00168   0.38584  
  5 22.1311   1039.240822  x:  0.00000   0.02086   0.02207   0.03009   0.00804   0.03372   2.00763   0.33612  
  6 42.3536   1036.059948  x:  0.00000   0.01898   0.02128   0.03212   0.00759   0.03423   2.03808   0.07971  
  7 228.6371   1031.531734  x:  0.00000   0.01724   0.02371   0.00422   0.00758   0.02817   2.59684   0.11155  
  8  1.0837   1031.502971  x:  0.00478   0.01695   0.02408   0.00000   0.00758   0.02726   2.68157   0.11631  
  9 150.5341   1030.904767  x:  0.00409   0.00890   0.02613   0.00000   0.00871   0.02819   2.77045   0.09850  
 10  0.5489   1030.901062  x:  0.00408   0.00879   0.02616   0.00040   0.00873   0.02820   2.77169   0.09826  
 11 65.3135   1030.846982  x:  0.00449   0.00933   0.02457   0.00000   0.00862   0.02739   2.85312   0.07582  
 12  0.2275   1030.769990  x:  0.00457   0.00881   0.02174   0.00000   0.00878   0.02690   3.11254   0.08828  
 13  0.3835   1030.743587  x:  0.00405   0.00908   0.02266   0.00000   0.00887   0.02815   3.32969   0.09188  
 14  0.2292   1030.738120  x:  0.00392   0.00915   0.02290   0.00055   0.00889   0.02847   3.38537   0.09280  
 15 2078.4983   1030.728529  x:  0.00366   0.00878   0.02307   0.00082   0.00853   0.02770   3.55251   0.09182  
 16  0.1565   1030.726855  x:  0.00362   0.00902   0.02290   0.00085   0.00869   0.02752   3.60625   0.09123  
 17  0.0706   1030.726778  x:  0.00360   0.00899   0.02287   0.00086   0.00870   0.02761   3.61813   0.09100  
 18  0.0137   1030.726775  x:  0.00359   0.00899   0.02288   0.00087   0.00869   0.02762   3.62059   0.09102  
 19  0.0027   1030.726775  x:  0.00359   0.00899   0.02289   0.00087   0.00869   0.02762   3.62093   0.09103  
 20  0.0004   1030.726775  x:  0.00359   0.00899   0.02289   0.00087   0.00869   0.02762   3.62097   0.09103  
 21  0.0000   1030.726775  x:  0.00359   0.00899   0.02289   0.00087   0.00869   0.02762   3.62097   0.09103  