

TREE # 1

  0  0.0000   3741.056276  x:  0.01187   0.02538   0.02564   0.02986   0.02301   0.01995   2.00000   0.40000  
  1 99.0000   3740.122253  x:  0.01701   0.02296   0.02441   0.03501   0.02497   0.01850   2.00382   0.38173  
  2 97.1828   3718.117973  x:  0.01837   0.02317   0.02720   0.03637   0.02673   0.02044   2.06221   0.10150  
  3 569.3173   3717.857505  x:  0.01788   0.02279   0.02493   0.03588   0.02529   0.01812   2.06373   0.09598  
  4 245.5781   3717.843533  x:  0.01794   0.02285   0.02425   0.03594   0.02502   0.01871   2.06446   0.09581  
  5 25.4970   3717.753495  x:  0.01861   0.02480   0.02440   0.03661   0.02380   0.01854   2.07714   0.09640  
  6 22.4006   3711.183923  x:  0.01706   0.01792   0.02485   0.03505   0.01656   0.01763   3.11276   0.15070  
  7 363.4223   3708.870526  x:  0.01535   0.02212   0.02003   0.03334   0.02396   0.01555   3.46499   0.16917  
  8 10149.3123   3703.498927  x:  0.01442   0.02442   0.02812   0.03237   0.02671   0.02131   4.37688   0.11063  
  9  1.7899   3701.429748  x:  0.01052   0.02792   0.02469   0.02829   0.02352   0.01971   5.52838   0.13862  
 10  0.5703   3700.173983  x:  0.01513   0.02716   0.02425   0.03285   0.02216   0.01907   6.85249   0.12815  
 11  0.6336   3699.727912  x:  0.01316   0.02418   0.02561   0.03083   0.02411   0.01950   7.77348   0.13217  
 12  0.5268   3699.648360  x:  0.01322   0.02537   0.02519   0.03088   0.02305   0.01956   8.33520   0.13742  
 13  0.3320   3699.640752  x:  0.01332   0.02519   0.02536   0.03099   0.02331   0.01959   8.52696   0.13595  
 14  0.1293   3699.640642  x:  0.01332   0.02524   0.02531   0.03100   0.02332   0.01957   8.54519   0.13614  
 15  0.0141   3699.640640  x:  0.01331   0.02524   0.02531   0.03100   0.02333   0.01956   8.54369   0.13611  
 16  0.0012   3699.640640  x:  0.01330   0.02524   0.02531   0.03101   0.02333   0.01957   8.54344   0.13611  
 17  0.0002   3699.640640  x:  0.01330   0.02524   0.02531   0.03101   0.02333   0.01957   8.54343   0.13611  