

TREE # 1

  0  0.0000   3002.732080  x:  0.00598   0.01085   0.02451   0.02398   0.02261   0.02087   2.00000   0.40000  
  1 99.0000   3002.636737  x:  0.00512   0.01245   0.02419   0.02312   0.02258   0.02121   2.00058   0.39686  
  2 51.3495   3000.305868  x:  0.00000   0.00629   0.01600   0.01800   0.02216   0.02828   2.03096   0.23094  
  3 149.4203   2997.709771  x:  0.00153   0.00722   0.01480   0.01952   0.02212   0.03071   2.04888   0.13306  
  4 5483.7523   2997.448125  x:  0.00081   0.00687   0.01702   0.01881   0.02222   0.03001   2.05119   0.12091  
  5 788.6416   2997.403408  x:  0.00062   0.00690   0.01652   0.01862   0.02243   0.02799   2.05189   0.11893  
  6 57.0725   2997.392615  x:  0.00062   0.00690   0.01652   0.01862   0.02156   0.02784   2.05437   0.11898  
  7  7.1003   2990.966537  x:  0.00253   0.00901   0.02182   0.02050   0.02322   0.01758   4.07993   0.20099  
  8 68.6874   2989.899840  x:  0.00474   0.01075   0.02290   0.02267   0.02282   0.02410   4.31840   0.17926  
  9  0.3036   2989.661916  x:  0.00615   0.01097   0.02370   0.02410   0.02247   0.02136   4.36893   0.16514  
 10  0.0544   2989.638091  x:  0.00589   0.01143   0.02445   0.02386   0.02267   0.02098   4.48687   0.16956  
 11  0.0711   2989.630835  x:  0.00586   0.01117   0.02461   0.02388   0.02261   0.02125   4.60769   0.16913  
 12  0.0522   2989.629924  x:  0.00581   0.01118   0.02449   0.02387   0.02259   0.02106   4.63376   0.16894  
 13  0.0156   2989.629818  x:  0.00578   0.01119   0.02443   0.02387   0.02261   0.02111   4.63934   0.16913  
 14  0.0041   2989.629808  x:  0.00577   0.01120   0.02443   0.02390   0.02261   0.02111   4.64121   0.16920  
 15  0.0011   2989.629807  x:  0.00576   0.01120   0.02443   0.02391   0.02261   0.02111   4.64139   0.16922  
 16  0.0002   2989.629807  x:  0.00572   0.01120   0.02443   0.02395   0.02261   0.02111   4.64140   0.16922  
 17  0.0000   2989.629807  x:  0.00572   0.01120   0.02443   0.02396   0.02261   0.02111   4.64140   0.16922  
 18  0.0000   2989.629807  x:  0.00572   0.01120   0.02443   0.02396   0.02261   0.02111   4.64140   0.16922  
 19  0.0003   2989.629807  x:  0.00572   0.01120   0.02443   0.02396   0.02261   0.02111   4.64140   0.16922  
 20  0.0002   2989.629807  x:  0.00572   0.01120   0.02443   0.02396   0.02261   0.02111   4.64140   0.16922  
check convergence!
