

TREE # 1

  0  0.0000   1552.370958  x:  0.00000   0.01961   0.02496   0.01800   0.02068   0.01501   2.00000   0.40000  
  1 99.0000   1550.965615  x:  0.00013   0.01967   0.02138   0.01812   0.01490   0.00647   2.00019   0.39942  
  2 211.2484   1550.909558  x:  0.00010   0.02008   0.01959   0.01809   0.01381   0.00733   2.00038   0.39886  
  3 49.2032   1550.894003  x:  0.00011   0.02031   0.01861   0.01810   0.01466   0.00709   2.00085   0.39747  
  4 17.6594   1550.424084  x:  0.00000   0.02308   0.01915   0.01800   0.01472   0.00691   2.01595   0.35305  
  5 25.5076   1549.247188  x:  0.00104   0.02001   0.01892   0.01903   0.01475   0.00730   2.06805   0.19989  
  6 1793.6118   1549.226639  x:  0.00028   0.01977   0.01889   0.01827   0.01477   0.00728   2.06925   0.19663  
  7 114.5008   1547.659380  x:  0.00000   0.01777   0.01864   0.01797   0.01446   0.00729   2.87890   0.25661  
  8  3.1159   1546.463839  x:  0.00098   0.02454   0.01970   0.01878   0.01387   0.00659   4.32909   0.20721  
  9  0.9568   1545.905838  x:  0.00000   0.02127   0.01964   0.01776   0.01458   0.00735   5.27974   0.28125  
 10  0.6557   1545.905838  x:  0.00000   0.02127   0.01964   0.01776   0.01458   0.00735   5.27974   0.28125  
 11 13.3102   1545.892001  x:  0.00030   0.02075   0.01941   0.01806   0.01428   0.00679   5.27975   0.28119  
 12 28.4727   1545.888883  x:  0.00029   0.02029   0.01918   0.01805   0.01415   0.00701   5.27976   0.28108  
 13 12.5226   1545.888616  x:  0.00023   0.02022   0.01920   0.01798   0.01418   0.00696   5.27978   0.28098  
 14  3.4100   1545.887442  x:  0.00030   0.02006   0.01939   0.01805   0.01438   0.00699   5.27995   0.27987  
 15  3.4634   1545.872267  x:  0.00025   0.02005   0.01992   0.01800   0.01380   0.00707   5.28227   0.26460  
 16 22.3620   1545.864460  x:  0.00027   0.02024   0.01929   0.01802   0.01420   0.00699   5.28349   0.25667  
 17 91.1344   1545.607243  x:  0.00056   0.02045   0.01876   0.01767   0.01423   0.00690   7.47106   0.28650  
 18  0.2735   1545.597628  x:  0.00059   0.02020   0.01935   0.01768   0.01415   0.00698   7.66193   0.27600  
 19  0.1629   1545.596788  x:  0.00058   0.02024   0.01917   0.01769   0.01419   0.00696   7.80183   0.27644  
 20  0.0874   1545.596748  x:  0.00056   0.02024   0.01921   0.01770   0.01418   0.00696   7.82220   0.27714  
 21  0.0175   1545.596748  x:  0.00055   0.02024   0.01921   0.01771   0.01418   0.00696   7.82309   0.27712  
 22  0.0009   1545.596748  x:  0.00055   0.02024   0.01921   0.01771   0.01418   0.00696   7.82309   0.27712  
 23  0.0000   1545.596748  x:  0.00055   0.02024   0.01921   0.01771   0.01418   0.00696   7.82309   0.27712  