

TREE # 1

  0  0.0000   1224.977908  x:  0.01030   0.00348   0.00751   0.02829   0.01904   0.00697   2.00000   0.40000  
  1 99.0000   1224.933087  x:  0.00964   0.00382   0.00755   0.02764   0.01837   0.00845   2.00017   0.39768  
  2 31.7532   1224.819039  x:  0.00840   0.00260   0.00745   0.02639   0.01708   0.00834   2.00075   0.39001  
  3 77.5371   1224.524120  x:  0.00607   0.00389   0.00740   0.02407   0.01468   0.00645   2.00243   0.36747  
  4 447.3205   1218.573176  x:  0.00412   0.00393   0.00792   0.02211   0.01428   0.00606   2.02978   0.00010  
  5 641.9724   1214.282157  x:  0.00454   0.00389   0.00828   0.02253   0.01437   0.00612   2.13083   0.02056  
  6  1.8478   1214.255588  x:  0.00499   0.00392   0.00743   0.02298   0.01355   0.00616   2.13086   0.02056  
  7 38.1845   1214.255226  x:  0.00503   0.00392   0.00754   0.02303   0.01346   0.00616   2.13087   0.02056  
  8  4.3270   1213.476777  x:  0.01035   0.00366   0.00799   0.02831   0.01906   0.00740   2.34788   0.02055  
  9  0.2363   1213.466624  x:  0.01050   0.00337   0.00769   0.02848   0.01894   0.00754   2.22922   0.02053  
 10  0.0850   1213.466323  x:  0.01056   0.00338   0.00779   0.02853   0.01893   0.00751   2.21416   0.02051  
 11  0.0106   1213.465889  x:  0.01062   0.00343   0.00777   0.02865   0.01885   0.00755   2.22025   0.02040  
 12  0.0008   1213.463928  x:  0.01066   0.00342   0.00768   0.02904   0.01859   0.00755   2.21619   0.01956  
 13  0.0006   1213.459852  x:  0.01011   0.00333   0.00782   0.02903   0.01878   0.00749   2.20659   0.01828  
 14  0.0028   1213.459529  x:  0.01008   0.00339   0.00778   0.02902   0.01892   0.00752   2.19314   0.01823  
 15  0.0093   1213.459524  x:  0.01008   0.00339   0.00778   0.02905   0.01892   0.00752   2.19419   0.01820  
 16  0.0010   1213.459524  x:  0.01008   0.00339   0.00778   0.02905   0.01893   0.00752   2.19427   0.01821  
 17  0.0001   1213.459524  x:  0.01008   0.00339   0.00778   0.02905   0.01893   0.00752   2.19426   0.01821  
 18  0.0000   1213.459524  x:  0.01008   0.00339   0.00778   0.02905   0.01893   0.00752   2.19426   0.01821  