

TREE # 1

  0  0.0000   2104.244196  x:  0.00864   0.02613   0.01902   0.02664   0.01534   0.02541   2.00000   0.40000  
  1 99.0000   2103.636151  x:  0.00964   0.02306   0.02037   0.02764   0.02188   0.02161   2.00144   0.38595  
  2 78.5641   2082.437419  x:  0.00509   0.01263   0.02501   0.02308   0.01594   0.00835   2.03545   0.05296  
  3 271.5866   2081.700961  x:  0.00520   0.01260   0.02522   0.02320   0.01626   0.00879   2.03734   0.03442  
  4 9947.4711   2081.694296  x:  0.00531   0.01292   0.02516   0.02331   0.01625   0.00858   2.03746   0.03424  
  5 32.6451   2081.687008  x:  0.00564   0.01272   0.02467   0.02363   0.01612   0.00853   2.03866   0.03420  
  6  8.6635   2081.626784  x:  0.00509   0.01284   0.02238   0.02308   0.01671   0.00847   2.05008   0.03418  
  7 40.4489   2071.028797  x:  0.01240   0.02359   0.02038   0.03037   0.02016   0.01833   5.25932   0.05153  
  8 211.7852   2070.498820  x:  0.01070   0.02485   0.01856   0.02860   0.01619   0.02033   5.23882   0.04030  
  9  0.0195   2070.377956  x:  0.01001   0.02566   0.02013   0.02789   0.01798   0.02200   5.20717   0.03817  
 10  0.0217   2070.334403  x:  0.00971   0.02614   0.01941   0.02760   0.01782   0.02321   5.16970   0.04145  
 11  0.0294   2070.325058  x:  0.00969   0.02594   0.01956   0.02760   0.01719   0.02384   5.16082   0.04067  
 12  0.0051   2070.320793  x:  0.00992   0.02548   0.01948   0.02786   0.01744   0.02406   5.15162   0.04065  
 13  0.0052   2070.320353  x:  0.00984   0.02533   0.01958   0.02780   0.01743   0.02404   5.15509   0.04085  
 14  0.0024   2070.320303  x:  0.00981   0.02531   0.01953   0.02778   0.01744   0.02403   5.15521   0.04080  
 15  0.0001   2070.320303  x:  0.00981   0.02531   0.01953   0.02779   0.01744   0.02403   5.15546   0.04080  
 16  0.0002   2070.320303  x:  0.00979   0.02531   0.01953   0.02780   0.01744   0.02403   5.15589   0.04080  
 17  0.0001   2070.320303  x:  0.00979   0.02531   0.01953   0.02781   0.01744   0.02403   5.15590   0.04080  
 18  0.0000   2070.320303  x:  0.00979   0.02531   0.01953   0.02781   0.01744   0.02403   5.15590   0.04080  