

TREE # 1

  0  0.0000    963.081973  x:  0.00000   0.01165   0.06764   0.01800   0.01592   0.02001   2.00000   0.40000  
  1 99.0000    963.080356  x:  0.00000   0.01165   0.06764   0.01800   0.01591   0.02001   2.00000   0.40000  
  2 257.9355    958.963173  x:  0.00000   0.01363   0.06744   0.02123   0.00000   0.01158   2.00003   0.40003  
  3 1413.8978    958.948221  x:  0.00000   0.01225   0.06735   0.02238   0.00000   0.01144   2.00007   0.40011  
  4 15.2386    958.780696  x:  0.00000   0.01195   0.05810   0.02093   0.00000   0.00989   2.00779   0.41535  
  5  0.9186    958.209151  x:  0.00000   0.01042   0.06247   0.01682   0.00000   0.00446   2.03137   0.46148  
  6 48.0993    958.169755  x:  0.00000   0.01014   0.06247   0.01616   0.00000   0.00428   2.05498   0.40974  
  7  0.9639    958.113248  x:  0.00000   0.00950   0.06430   0.01447   0.00000   0.00528   2.16921   0.42354  
  8  0.3991    958.109490  x:  0.00095   0.00939   0.06462   0.01418   0.00000   0.00546   2.18938   0.42598  
  9 172.4076    958.088048  x:  0.00097   0.00987   0.06629   0.01408   0.00000   0.00494   2.34420   0.43558  
 10  0.2009    958.087561  x:  0.00095   0.00970   0.06630   0.01412   0.00000   0.00492   2.35374   0.43240  
 11  0.0125    958.087536  x:  0.00097   0.00972   0.06628   0.01411   0.00000   0.00494   2.35604   0.43167  
 12  0.0034    958.087535  x:  0.00098   0.00972   0.06627   0.01411   0.00000   0.00494   2.35729   0.43186  
 13  0.0012    958.087535  x:  0.00098   0.00972   0.06627   0.01411   0.00000   0.00494   2.35733   0.43185  