

TREE # 1

  0  0.0000   2056.844915  x:  0.00253   0.01801   0.00408   0.02053   0.01349   0.00644   2.00000   0.40000  
  1 99.0000   2056.810466  x:  0.00220   0.01790   0.00487   0.02020   0.01340   0.00672   2.00016   0.39891  
  2 49.1006   2056.592058  x:  0.00000   0.01688   0.00392   0.01800   0.01270   0.00748   2.00200   0.38597  
  3 97.4401   2056.592058  x:  0.00000   0.01688   0.00392   0.01800   0.01270   0.00748   2.00200   0.38597  
  4 561.8526   2056.301284  x:  0.00213   0.01738   0.00489   0.02013   0.01316   0.00648   2.00211   0.38525  
  5 178.5170   2056.258349  x:  0.00250   0.01768   0.00404   0.02049   0.01338   0.00649   2.00222   0.38441  
  6 67.8349   2055.901214  x:  0.00243   0.02185   0.00461   0.02043   0.01558   0.00875   2.00487   0.36539  
  7 67.2080   2053.669187  x:  0.00000   0.03118   0.00454   0.01800   0.01670   0.00217   2.02120   0.24792  
  8 659.1666   2053.669187  x:  0.00000   0.03118   0.00454   0.01800   0.01670   0.00217   2.02120   0.24792  
  9 5847.1963   2052.055539  x:  0.00081   0.02993   0.00437   0.01880   0.01617   0.00780   2.02123   0.24762  
 10 887.2050   2050.752745  x:  0.00443   0.02089   0.00374   0.02242   0.01233   0.00725   2.02147   0.24532  
 11 238.9120   2050.481937  x:  0.00337   0.01724   0.00518   0.02136   0.01262   0.00735   2.02166   0.24357  
 12 163.4414   2050.388554  x:  0.00272   0.01603   0.00411   0.02072   0.01293   0.00739   2.02181   0.24214  
 13 125.8884   2042.653126  x:  0.00339   0.01564   0.00401   0.02138   0.01475   0.00728   2.04728   0.00010  
 14 72.3396   2038.944491  x:  0.00496   0.01513   0.00402   0.02295   0.01919   0.00710   2.20917   0.00828  
 15  4.8025   2038.319963  x:  0.00280   0.01595   0.00401   0.02079   0.01318   0.00733   2.21154   0.00836  
 16 172.1295   2034.059947  x:  0.00233   0.02138   0.00429   0.02017   0.01419   0.00667   8.14618   0.00827  
 17  3.1195   2033.921268  x:  0.00288   0.01835   0.00411   0.02062   0.01290   0.00644   8.30023   0.00831  
 18  0.1421   2033.903188  x:  0.00267   0.01769   0.00409   0.02042   0.01372   0.00638   8.46332   0.00837  
 19  0.1279   2033.864798  x:  0.00207   0.01842   0.00420   0.01995   0.01340   0.00616   9.39658   0.00875  
 20  0.1562   2033.835448  x:  0.00268   0.01813   0.00411   0.02072   0.01348   0.00601  10.22614   0.00913  
 21  0.4618   2033.823662  x:  0.00231   0.01784   0.00406   0.02053   0.01344   0.00634  10.80696   0.00953  
 22  0.2058   2033.817042  x:  0.00241   0.01831   0.00416   0.02079   0.01353   0.00656  10.89502   0.00979  
 23  0.0340   2033.784870  x:  0.00224   0.01777   0.00402   0.02131   0.01309   0.00686  10.34366   0.01083  
 24  0.0689   2033.733750  x:  0.00105   0.01771   0.00403   0.02211   0.01347   0.00682   9.27155   0.01388  
 25  0.3672   2033.711499  x:  0.00056   0.01804   0.00412   0.02239   0.01354   0.00643  10.22023   0.01525  
 26  0.6529   2033.710319  x:  0.00049   0.01806   0.00411   0.02258   0.01347   0.00633  10.06315   0.01557  
 27  0.1352   2033.710281  x:  0.00045   0.01804   0.00411   0.02262   0.01347   0.00635  10.04606   0.01565  
 28  0.0134   2033.710280  x:  0.00043   0.01804   0.00411   0.02264   0.01347   0.00635  10.05078   0.01566  
 29  0.0040   2033.710280  x:  0.00042   0.01804   0.00411   0.02265   0.01347   0.00635  10.05080   0.01566  
 30  0.0000   2033.710280  x:  0.00040   0.01804   0.00411   0.02266   0.01347   0.00635  10.05082   0.01566  
 31  0.0000   2033.710280  x:  0.00040   0.01804   0.00411   0.02267   0.01347   0.00635  10.05082   0.01566  