

TREE # 1

  0  0.0000   2204.653446  x:  0.00060   0.01031   0.01897   0.01860   0.01459   0.01459   2.00000   0.40000  
  1 99.0000   2204.448324  x:  0.00070   0.01292   0.01966   0.01869   0.01674   0.01584   2.00132   0.39031  
  2 41.7931   2199.188554  x:  0.00000   0.00953   0.02238   0.01800   0.02155   0.01779   2.01994   0.25294  
  3 330.3098   2199.188554  x:  0.00000   0.00953   0.02238   0.01800   0.02155   0.01779   2.01994   0.25294  
  4 166193.2698   2198.380629  x:  0.00154   0.01176   0.01974   0.01954   0.01571   0.01460   2.02014   0.25105  
  5 192.1110   2198.253481  x:  0.00055   0.01056   0.01894   0.01854   0.01408   0.01438   2.02034   0.24915  
  6 90.3218   2196.575311  x:  0.00329   0.00774   0.01274   0.02129   0.01372   0.02033   2.02772   0.17927  
  7 70.7310   2192.564789  x:  0.00273   0.01003   0.01229   0.02072   0.01266   0.02409   2.04040   0.05889  
  8 2654.9759   2192.351836  x:  0.00346   0.00837   0.01322   0.02146   0.01287   0.02257   2.04143   0.04980  
  9 439.2748   2192.334098  x:  0.00333   0.00836   0.01268   0.02133   0.01342   0.02190   2.04165   0.04901  
 10 43.6272   2188.568195  x:  0.00252   0.00714   0.01610   0.02048   0.01675   0.01287   3.83627   0.08650  
 11  4.1658   2187.430458  x:  0.00060   0.01131   0.01769   0.01850   0.01639   0.01683   4.39510   0.06680  
 12  1.1793   2187.213204  x:  0.00120   0.01166   0.01893   0.01896   0.01500   0.01418   4.79188   0.06135  
 13  0.3067   2187.093085  x:  0.00121   0.01063   0.02050   0.01894   0.01483   0.01520   5.35390   0.06810  
 14  0.3021   2187.057132  x:  0.00076   0.01063   0.02020   0.01852   0.01528   0.01451   5.73554   0.06619  
 15  0.1833   2187.039987  x:  0.00114   0.01066   0.01962   0.01898   0.01532   0.01480   5.96805   0.06586  
 16  0.1641   2187.038231  x:  0.00102   0.01063   0.01944   0.01891   0.01525   0.01483   6.02518   0.06705  
 17  0.0456   2187.038202  x:  0.00099   0.01066   0.01945   0.01893   0.01523   0.01482   6.02945   0.06703  
 18  0.0030   2187.038201  x:  0.00097   0.01066   0.01945   0.01895   0.01523   0.01483   6.03060   0.06705  
 19  0.0010   2187.038201  x:  0.00095   0.01066   0.01945   0.01897   0.01524   0.01483   6.03084   0.06705  
 20  0.0002   2187.038201  x:  0.00091   0.01066   0.01945   0.01901   0.01523   0.01483   6.03087   0.06705  