

TREE # 1

  0  0.0000   1540.341658  x:  0.00000   0.01582   0.00500   0.01323   0.01900   0.01739   2.00000   0.40000  
  1 99.0000   1540.262131  x:  0.00064   0.01626   0.00363   0.01386   0.01862   0.01795   2.00008   0.39917  
  2 74.6873   1540.160489  x:  0.00102   0.01802   0.00414   0.01424   0.01688   0.02002   2.00043   0.39531  
  3 58.4667   1540.036162  x:  0.00000   0.01856   0.00347   0.01322   0.01605   0.02092   2.00092   0.38996  
  4 99.9843   1540.036162  x:  0.00000   0.01856   0.00347   0.01322   0.01605   0.02092   2.00092   0.38996  
  5 248.5744   1539.933779  x:  0.00116   0.01739   0.00420   0.01438   0.01739   0.01966   2.00106   0.38845  
  6 66.7277   1539.847615  x:  0.00074   0.01605   0.00349   0.01396   0.01870   0.01802   2.00130   0.38571  
  7 77.1141   1539.769727  x:  0.00000   0.01561   0.00458   0.01322   0.01923   0.01714   2.00164   0.38197  
  8 100.2743   1528.602500  x:  0.00037   0.02800   0.00419   0.01359   0.02181   0.00597   2.03395   0.02079  
  9 161.9228   1528.443042  x:  0.00034   0.02800   0.00420   0.01356   0.02199   0.00609   2.03471   0.01229  
 10 9029.7472   1528.440605  x:  0.00037   0.02767   0.00421   0.01359   0.02155   0.00600   2.03510   0.01221  
 11  4.9829   1525.116045  x:  0.00087   0.01559   0.00454   0.01406   0.01315   0.01162   3.03638   0.01701  
 12  5.8559   1524.359639  x:  0.00106   0.01766   0.00429   0.01420   0.02098   0.01398   3.56432   0.01541  
 13  0.5364   1524.071797  x:  0.00085   0.01645   0.00344   0.01402   0.01800   0.01826   4.00481   0.01472  
 14  0.1737   1524.054176  x:  0.00090   0.01754   0.00370   0.01410   0.01773   0.01869   4.03220   0.01557  
 15  0.0341   1524.051968  x:  0.00086   0.01725   0.00386   0.01410   0.01796   0.01887   4.03110   0.01578  
 16  0.0011   1524.050959  x:  0.00081   0.01733   0.00377   0.01414   0.01802   0.01915   4.00079   0.01560  
 17  0.0120   1524.050533  x:  0.00076   0.01730   0.00379   0.01419   0.01798   0.01911   3.94610   0.01566  
 18  0.0230   1524.050531  x:  0.00075   0.01731   0.00379   0.01420   0.01798   0.01911   3.94561   0.01564  
 19  0.0005   1524.050531  x:  0.00073   0.01731   0.00379   0.01422   0.01798   0.01911   3.94561   0.01564  
 20  0.0000   1524.050531  x:  0.00072   0.01731   0.00379   0.01423   0.01798   0.01911   3.94561   0.01564  
 21  0.0000   1524.050531  x:  0.00072   0.01731   0.00379   0.01423   0.01798   0.01911   3.94561   0.01564  
 22  0.0002   1524.050531  x:  0.00072   0.01731   0.00379   0.01423   0.01798   0.01911   3.94561   0.01564  