

TREE # 1

  0  0.0000   1858.555097  x:  0.00662   0.01102   0.00879   0.02461   0.00000   0.01778   2.00000   0.40000  
  1 99.0000   1858.554766  x:  0.00662   0.01102   0.00879   0.02461   0.00000   0.01778   2.00000   0.40000  
  2 412.0851   1856.149349  x:  0.00302   0.01624   0.00337   0.02097   0.00000   0.01589   2.01227   0.28703  
  3 130.1190   1850.923074  x:  0.00000   0.02237   0.00438   0.01789   0.00000   0.01593   2.02920   0.13089  
  4 9747.3501   1850.923074  x:  0.00000   0.02237   0.00438   0.01789   0.00000   0.01593   2.02920   0.13089  
  5 241473.5330   1848.056852  x:  0.00660   0.01841   0.01184   0.02449   0.00000   0.01653   2.02926   0.12988  
  6 595.1889   1847.148565  x:  0.00826   0.01090   0.00908   0.02615   0.00000   0.01720   2.02939   0.12760  
  7 202.8872   1846.874223  x:  0.00642   0.00865   0.01142   0.02431   0.00000   0.01693   2.02993   0.11834  
  8 57.5647   1843.597480  x:  0.00649   0.00882   0.01142   0.02438   0.00000   0.01721   2.03494   0.03150  
  9 284.0368   1843.596848  x:  0.00651   0.00881   0.01140   0.02440   0.00000   0.01698   2.03505   0.03148  
 10  4.8595   1842.082044  x:  0.00744   0.01069   0.00977   0.02528   0.00000   0.01657   3.82503   0.05543  
 11  2.7047   1841.743750  x:  0.00753   0.01094   0.00932   0.02535   0.00000   0.01693   4.07656   0.03539  
 12  0.4811   1841.691062  x:  0.00665   0.01045   0.00932   0.02446   0.00000   0.01687   4.55943   0.03798  
 13  0.1820   1841.681649  x:  0.00692   0.01065   0.00907   0.02476   0.00000   0.01685   4.72966   0.03654  
 14  0.1204   1841.679456  x:  0.00698   0.01077   0.00924   0.02483   0.00000   0.01684   4.80050   0.03751  
 15  0.0597   1841.679223  x:  0.00700   0.01067   0.00926   0.02488   0.00000   0.01686   4.82049   0.03750  
 16  0.0182   1841.679215  x:  0.00700   0.01068   0.00927   0.02488   0.00000   0.01686   4.82144   0.03744  
 17  0.0014   1841.679215  x:  0.00699   0.01068   0.00927   0.02488   0.00000   0.01685   4.82108   0.03744  
 18  0.0003   1841.679215  x:  0.00699   0.01068   0.00927   0.02489   0.00000   0.01685   4.82102   0.03744  