

TREE # 1

  0  0.0000   1877.104157  x:  0.02838   0.01029   0.13737   0.04638   0.02999   0.02336   2.00000   0.40000  
  1 99.0000   1876.857227  x:  0.02798   0.00666   0.13817   0.04598   0.03098   0.02126   2.00104   0.39525  
  2 68.6289   1875.687428  x:  0.02745   0.00926   0.14458   0.04544   0.03623   0.01296   2.00923   0.35801  
  3 134.6379   1869.693209  x:  0.02642   0.00889   0.17215   0.04442   0.05214   0.01866   2.04892   0.17734  
  4 812.1453   1868.645216  x:  0.02898   0.00826   0.17244   0.04698   0.04246   0.01638   2.05797   0.13972  
  5 345.0860   1868.574049  x:  0.02648   0.00870   0.16848   0.04448   0.04239   0.01637   2.06159   0.13716  
  6 24.1995   1868.480274  x:  0.02777   0.00876   0.16083   0.04577   0.04554   0.01638   2.07088   0.13463  
  7 29.7974   1857.985933  x:  0.02981   0.00643   0.15365   0.04780   0.02915   0.01586   4.98247   0.17956  
  8 21.9561   1857.637192  x:  0.02994   0.00692   0.15458   0.04792   0.03535   0.01922   5.11610   0.16980  
  9  0.2077   1857.491830  x:  0.03036   0.00752   0.14701   0.04834   0.03223   0.02124   5.19038   0.16397  
 10  0.0851   1857.476715  x:  0.03043   0.00724   0.14981   0.04841   0.03158   0.02170   5.28595   0.16234  
 11  0.0749   1857.463971  x:  0.03042   0.00704   0.14877   0.04840   0.03199   0.02171   5.43991   0.16504  
 12  0.0793   1857.462169  x:  0.03043   0.00729   0.14885   0.04842   0.03191   0.02147   5.47098   0.16433  
 13  0.0204   1857.462063  x:  0.03042   0.00723   0.14884   0.04841   0.03192   0.02138   5.47300   0.16420  
 14  0.0016   1857.462062  x:  0.03042   0.00723   0.14884   0.04841   0.03191   0.02138   5.47263   0.16421  
 15  0.0004   1857.462062  x:  0.03042   0.00723   0.14884   0.04841   0.03191   0.02138   5.47261   0.16421  
 16  0.0000   1857.462062  x:  0.03042   0.00723   0.14884   0.04841   0.03191   0.02138   5.47261   0.16421  
 17  0.0000   1857.462062  x:  0.03042   0.00723   0.14884   0.04841   0.03191   0.02138   5.47261   0.16421  
check convergence!
