

TREE # 1

  0  0.0000   1578.536516  x:  0.01843   0.00595   0.00889   0.03642   0.00450   0.02871   2.00000   0.40000  
  1 99.0000   1578.439518  x:  0.01812   0.00591   0.00906   0.03611   0.00635   0.02843   2.00012   0.39918  
  2 103.1336   1578.073421  x:  0.01402   0.00576   0.01019   0.03201   0.00603   0.02448   2.00209   0.38608  
  3 58.2177   1576.576966  x:  0.01269   0.00740   0.00431   0.03069   0.00630   0.02231   2.01050   0.32969  
  4 197.1666   1562.555922  x:  0.01251   0.01141   0.00309   0.03050   0.00646   0.01814   2.05623   0.02281  
  5 3549.0400   1562.487369  x:  0.01190   0.01044   0.00286   0.02989   0.00644   0.01944   2.05684   0.01956  
  6 140.3273   1562.484201  x:  0.01177   0.01084   0.00292   0.02977   0.00644   0.01969   2.05749   0.01952  
  7  6.7116   1559.425464  x:  0.01112   0.00377   0.00354   0.02912   0.00625   0.02613   2.96782   0.04305  
  8 15.4229   1556.465354  x:  0.01675   0.00432   0.00606   0.03473   0.00622   0.02209   3.79383   0.01467  
  9  6.0400   1555.460482  x:  0.01880   0.00927   0.00587   0.03676   0.00613   0.02623   4.49576   0.02770  
 10  1.8067   1554.008331  x:  0.02155   0.00457   0.01036   0.03940   0.00539   0.03023   6.64397   0.02551  
 11  0.7353   1553.737179  x:  0.01904   0.00715   0.01102   0.03686   0.00578   0.02888   7.52581   0.02392  
 12  0.5024   1553.575495  x:  0.01773   0.00546   0.01203   0.03553   0.00603   0.02772   8.75182   0.02737  
 13  0.5223   1553.462999  x:  0.02043   0.00569   0.01159   0.03822   0.00580   0.02825  10.06565   0.02767  
 14  0.3514   1553.366808  x:  0.01863   0.00608   0.01029   0.03641   0.00585   0.02698  11.64093   0.02728  
 15  0.4515   1553.348554  x:  0.01911   0.00569   0.00960   0.03690   0.00584   0.02786  11.95713   0.02716  
 16  0.1976   1553.347527  x:  0.01891   0.00579   0.00957   0.03671   0.00585   0.02807  11.82825   0.02697  
 17  0.0875   1553.347477  x:  0.01891   0.00576   0.00958   0.03672   0.00585   0.02811  11.78834   0.02699  
 18  0.0330   1553.347471  x:  0.01892   0.00576   0.00956   0.03673   0.00584   0.02809  11.77376   0.02700  
 19  0.0074   1553.347471  x:  0.01891   0.00576   0.00957   0.03673   0.00584   0.02809  11.77283   0.02700  
 20  0.0008   1553.347471  x:  0.01891   0.00576   0.00956   0.03673   0.00584   0.02809  11.77280   0.02700  
 21  0.0000   1553.347471  x:  0.01891   0.00576   0.00956   0.03673   0.00584   0.02809  11.77280   0.02699  
 22  0.0000   1553.347471  x:  0.01891   0.00576   0.00956   0.03673   0.00584   0.02809  11.77279   0.02699  
 23  0.0000   1553.347471  x:  0.01891   0.00576   0.00956   0.03673   0.00584   0.02809  11.77279   0.02699  