

TREE # 1

  0  0.0000   4882.152027  x:  0.00617   0.02530   0.03276   0.02416   0.02314   0.02395   2.00000   0.40000  
  1 99.0000   4881.812885  x:  0.00857   0.02512   0.03381   0.02657   0.02290   0.02477   2.00074   0.39646  
  2 137.9868   4874.323636  x:  0.00504   0.01980   0.05474   0.02304   0.01708   0.03527   2.03217   0.24628  
  3 200.2068   4866.535993  x:  0.00491   0.02305   0.05956   0.02291   0.02216   0.03436   2.05784   0.12345  
  4 3822.1025   4865.719703  x:  0.00534   0.02129   0.05673   0.02333   0.01844   0.03271   2.06152   0.10757  
  5 687.7165   4865.657268  x:  0.00531   0.02046   0.05531   0.02331   0.01888   0.03429   2.06268   0.10643  
  6 57.2645   4865.631461  x:  0.00528   0.02118   0.05469   0.02327   0.01851   0.03523   2.06385   0.10611  
  7 46.8169   4845.066976  x:  0.00743   0.01942   0.03391   0.02540   0.01581   0.02913   5.30035   0.18753  
  8 29.7685   4841.771205  x:  0.00745   0.02509   0.03890   0.02535   0.02386   0.02454   5.69845   0.15575  
  9  0.6190   4841.331103  x:  0.00749   0.02596   0.03347   0.02539   0.02434   0.02515   5.84203   0.14700  
 10  0.1900   4841.061891  x:  0.00754   0.02595   0.03437   0.02552   0.02274   0.02363   6.39810   0.13859  
 11  0.1984   4840.913460  x:  0.00754   0.02567   0.03455   0.02558   0.02218   0.02591   6.82431   0.14346  
 12  0.3174   4840.860631  x:  0.00745   0.02528   0.03387   0.02556   0.02259   0.02501   7.08984   0.14873  
 13  0.1910   4840.852317  x:  0.00741   0.02544   0.03420   0.02557   0.02300   0.02503   7.19336   0.14754  
 14  0.0818   4840.852218  x:  0.00740   0.02547   0.03417   0.02559   0.02296   0.02502   7.20925   0.14757  
 15  0.0124   4840.852216  x:  0.00739   0.02547   0.03418   0.02561   0.02296   0.02502   7.20898   0.14759  
 16  0.0002   4840.852216  x:  0.00738   0.02547   0.03418   0.02562   0.02296   0.02502   7.20882   0.14759  
 17  0.0001   4840.852216  x:  0.00736   0.02547   0.03418   0.02563   0.02296   0.02502   7.20881   0.14759  
 18  0.0000   4840.852216  x:  0.00736   0.02547   0.03418   0.02563   0.02296   0.02502   7.20881   0.14759  