

TREE # 1

  0  0.0000   2733.434034  x:  0.01606   0.01770   0.01152   0.03406   0.02290   0.04730   2.00000   0.40000  
  1 99.0000   2733.347224  x:  0.01639   0.01694   0.01339   0.03439   0.02253   0.04787   2.00016   0.40002  
  2 82.6747   2733.332255  x:  0.01675   0.01640   0.01309   0.03474   0.02214   0.04876   2.00050   0.40005  
  3 24.7771   2733.326831  x:  0.01679   0.01681   0.01313   0.03479   0.02215   0.04948   2.00104   0.40011  
  4 14.4330   2733.320056  x:  0.01641   0.01658   0.01313   0.03441   0.02254   0.04996   2.00287   0.40028  
  5 10.5262   2732.804917  x:  0.01399   0.01685   0.01315   0.03198   0.01820   0.05016   2.16544   0.41544  
  6 33.8681   2729.879844  x:  0.01846   0.01648   0.01301   0.03645   0.02484   0.04837   3.30769   0.52174  
  7 3442.0416   2729.636877  x:  0.01861   0.01650   0.01305   0.03659   0.02495   0.04853   3.39075   0.44993  
  8  7.8574   2729.315414  x:  0.01611   0.01670   0.01306   0.03402   0.02194   0.04978   3.73143   0.46825  
  9  0.1909   2729.278335  x:  0.01693   0.01660   0.01305   0.03483   0.02197   0.04907   3.92059   0.46925  
 10  0.1045   2729.275455  x:  0.01673   0.01662   0.01306   0.03464   0.02219   0.04931   3.96139   0.47312  
 11  0.0336   2729.275441  x:  0.01673   0.01663   0.01306   0.03464   0.02219   0.04931   3.96401   0.47272  
 12  0.0027   2729.275441  x:  0.01673   0.01663   0.01306   0.03465   0.02219   0.04931   3.96426   0.47275  
 13  0.0002   2729.275441  x:  0.01672   0.01663   0.01306   0.03465   0.02219   0.04931   3.96426   0.47275  