

TREE # 1

  0  0.0000   2202.011852  x:  0.01914   0.03027   0.01807   0.03713   0.03334   0.02411   2.00000   0.40000  
  1 99.0000   2201.738184  x:  0.01752   0.02824   0.02073   0.03552   0.03594   0.02759   2.00519   0.38409  
  2 31.5811   2198.892825  x:  0.01699   0.02674   0.01343   0.03499   0.04157   0.02826   2.05443   0.23356  
  3 261.4829   2198.107495  x:  0.01809   0.02839   0.01728   0.03609   0.04036   0.02635   2.07060   0.18475  
  4 1304.6421   2198.055532  x:  0.01763   0.02787   0.01706   0.03562   0.03759   0.02745   2.07256   0.18169  
  5 45.4103   2197.946410  x:  0.01965   0.02879   0.01686   0.03765   0.03751   0.03000   2.09840   0.18241  
  6 10.0035   2190.636313  x:  0.01417   0.03414   0.02019   0.03215   0.03097   0.02375   4.43253   0.26457  
  7 352.1190   2190.316970  x:  0.01615   0.02857   0.02074   0.03413   0.03050   0.02207   4.50545   0.26715  
  8 1011.8568   2189.483606  x:  0.01917   0.02931   0.01758   0.03711   0.03660   0.02557   4.90662   0.23063  
  9  0.4070   2189.211545  x:  0.02054   0.03078   0.01788   0.03849   0.03185   0.02507   5.41390   0.22133  
 10  0.2839   2189.051716  x:  0.01949   0.02917   0.01875   0.03743   0.03387   0.02383   6.02691   0.22950  
 11  0.2940   2189.026440  x:  0.01937   0.02993   0.01848   0.03731   0.03334   0.02504   6.22412   0.23239  
 12  0.1583   2189.025184  x:  0.01935   0.03004   0.01830   0.03729   0.03341   0.02483   6.26837   0.23159  
 13  0.0452   2189.025121  x:  0.01937   0.02998   0.01830   0.03732   0.03339   0.02482   6.27974   0.23191  
 14  0.0103   2189.025120  x:  0.01937   0.02999   0.01830   0.03732   0.03340   0.02482   6.27998   0.23193  
 15  0.0002   2189.025120  x:  0.01937   0.02998   0.01830   0.03732   0.03340   0.02482   6.27994   0.23193  
 16  0.0000   2189.025120  x:  0.01937   0.02998   0.01830   0.03733   0.03340   0.02482   6.27992   0.23193  
 17  0.0000   2189.025120  x:  0.01936   0.02998   0.01830   0.03733   0.03340   0.02482   6.27992   0.23193  
 18  0.0000   2189.025120  x:  0.01936   0.02998   0.01830   0.03733   0.03340   0.02482   6.27992   0.23193  