

TREE # 1

  0  0.0000   1206.958857  x:  0.03203   0.02885   0.03874   0.05003   0.08162   0.02289   2.00000   0.40000  
  1 99.0000   1206.290097  x:  0.03310   0.02058   0.04278   0.05110   0.08389   0.01431   2.00347   0.38011  
  2 49.8983   1201.039873  x:  0.04010   0.01043   0.07138   0.05810   0.10927   0.02509   2.04007   0.16952  
  3 167.1157   1199.547026  x:  0.04111   0.01523   0.07659   0.05911   0.11471   0.02184   2.05080   0.10812  
  4 1465.9382   1199.226824  x:  0.03882   0.01252   0.06929   0.05681   0.11203   0.02266   2.05461   0.09289  
  5 90.9373   1199.189755  x:  0.04185   0.01242   0.06770   0.05984   0.11018   0.02280   2.05976   0.09189  
  6 10.7024   1198.305834  x:  0.03980   0.01265   0.07807   0.05780   0.08466   0.02465   2.26615   0.09196  
  7 15.7328   1191.288711  x:  0.03709   0.01530   0.03905   0.05509   0.11732   0.02047   4.22312   0.11402  
  8 324.1788   1189.628328  x:  0.03308   0.02387   0.05180   0.05106   0.09235   0.01629   4.79226   0.10746  
  9  0.4501   1189.281311  x:  0.03325   0.02584   0.04173   0.05123   0.08188   0.01863   5.00305   0.11187  
 10  0.3096   1189.080010  x:  0.03601   0.02787   0.04025   0.05399   0.08977   0.02108   5.50453   0.11144  
 11  0.3535   1188.995106  x:  0.03402   0.02903   0.04206   0.05200   0.08764   0.01996   5.99859   0.11341  
 12  0.2587   1188.978040  x:  0.03512   0.02821   0.04092   0.05311   0.08764   0.01938   6.18093   0.11216  
 13  0.0910   1188.970818  x:  0.03482   0.02716   0.04163   0.05281   0.08787   0.01995   6.24906   0.11212  
 14  0.0489   1188.970465  x:  0.03466   0.02701   0.04158   0.05264   0.08786   0.01976   6.24060   0.11223  
 15  0.0085   1188.970449  x:  0.03468   0.02699   0.04162   0.05267   0.08782   0.01974   6.23575   0.11226  
 16  0.0054   1188.970449  x:  0.03468   0.02699   0.04161   0.05267   0.08782   0.01974   6.23438   0.11225  
 17  0.0012   1188.970449  x:  0.03468   0.02699   0.04161   0.05267   0.08782   0.01974   6.23435   0.11225  
 18  0.0001   1188.970449  x:  0.03468   0.02699   0.04161   0.05267   0.08782   0.01974   6.23436   0.11225  
 19  0.0000   1188.970449  x:  0.03468   0.02699   0.04161   0.05267   0.08782   0.01974   6.23436   0.11225  
 20  0.0000   1188.970449  x:  0.03468   0.02699   0.04161   0.05267   0.08782   0.01974   6.23436   0.11225  
check convergence!
