

TREE # 1

  0  0.0000    646.641370  x:  0.01085   0.01748   0.00342   0.02885   0.00000   0.00749   2.00000   0.40000  
  1 99.0000    646.641198  x:  0.01085   0.01748   0.00342   0.02885   0.00000   0.00749   2.00000   0.40000  
  2 174.1174    646.396905  x:  0.01101   0.01724   0.00000   0.02901   0.00000   0.01015   2.00009   0.39929  
  3 135.8497    646.343370  x:  0.01220   0.02047   0.00000   0.03020   0.00000   0.01085   2.00029   0.39730  
  4 23.8478    645.322805  x:  0.02822   0.01149   0.00000   0.04625   0.00000   0.00955   2.01842   0.21165  
  5 16.0291    643.331745  x:  0.03178   0.00979   0.00000   0.04986   0.00000   0.00934   2.03550   0.03575  
  6 1199.5602    641.513476  x:  0.02090   0.01986   0.00000   0.03898   0.00000   0.00819   2.80837   0.01299  
  7  0.8529    640.831882  x:  0.01410   0.02459   0.00000   0.03218   0.00000   0.00758   3.26197   0.03957  
  8  9.3306    640.793103  x:  0.01196   0.02351   0.00000   0.03003   0.00000   0.00709   3.42344   0.03742  
  9  0.1634    640.744340  x:  0.01322   0.02071   0.00000   0.03130   0.00000   0.00709   3.77264   0.03442  
 10  0.1699    640.726088  x:  0.01319   0.02163   0.00000   0.03127   0.00000   0.00770   4.20925   0.03743  
 11  0.1338    640.722315  x:  0.01323   0.02163   0.00000   0.03132   0.00000   0.00712   4.33471   0.03772  
 12  0.1269    640.722118  x:  0.01317   0.02152   0.00000   0.03126   0.00000   0.00716   4.38147   0.03748  
 13  0.0372    640.722085  x:  0.01320   0.02159   0.00000   0.03130   0.00000   0.00716   4.39302   0.03735  
 14  0.0049    640.722080  x:  0.01319   0.02159   0.00000   0.03129   0.00000   0.00716   4.38679   0.03725  
 15  0.0043    640.722080  x:  0.01319   0.02159   0.00000   0.03129   0.00000   0.00716   4.38659   0.03725  