

TREE # 1

  0  0.0000   3665.673728  x:  0.02436   0.03239   0.02842   0.04235   0.01796   0.03097   2.00000   0.40000  
  1 99.0000   3661.237778  x:  0.02357   0.03290   0.03923   0.04157   0.02693   0.01845   2.00928   0.33451  
  2 122.3161   3636.530698  x:  0.02270   0.03050   0.05658   0.04069   0.03425   0.02541   2.04449   0.08451  
  3 1889.1874   3635.278965  x:  0.02356   0.03143   0.05331   0.04155   0.03081   0.02199   2.04746   0.06479  
  4 856.3053   3635.227019  x:  0.02338   0.03215   0.05114   0.04138   0.03288   0.02212   2.04927   0.06408  
  5 29.8243   3635.170389  x:  0.02349   0.03004   0.05019   0.04149   0.03347   0.02184   2.05562   0.06410  
  6 21.1281   3629.858446  x:  0.03717   0.03325   0.04035   0.05517   0.03225   0.01912   2.83292   0.08354  
  7 120.6878   3625.676140  x:  0.02520   0.03469   0.03210   0.04319   0.02573   0.01531   3.34318   0.09619  
  8 4343.5049   3621.118796  x:  0.02007   0.03241   0.03641   0.03804   0.01918   0.02717   4.20426   0.09235  
  9  1.5674   3619.824667  x:  0.02521   0.03233   0.02796   0.04314   0.01793   0.02968   4.35761   0.09070  
 10  0.2395   3619.668721  x:  0.02635   0.03303   0.03042   0.04428   0.01743   0.03092   4.63494   0.09165  
 11  0.2004   3619.592476  x:  0.02586   0.03332   0.02918   0.04380   0.01848   0.03177   4.87908   0.09345  
 12  0.2462   3619.565836  x:  0.02559   0.03322   0.02877   0.04352   0.01749   0.03160   4.99591   0.09432  
 13  0.1431   3619.546630  x:  0.02560   0.03268   0.02933   0.04355   0.01785   0.03071   5.11249   0.09421  
 14  0.0590   3619.544398  x:  0.02570   0.03299   0.02909   0.04366   0.01789   0.03049   5.12354   0.09413  
 15  0.0085   3619.544393  x:  0.02571   0.03298   0.02909   0.04367   0.01789   0.03048   5.12067   0.09411  
 16  0.0025   3619.544393  x:  0.02570   0.03298   0.02909   0.04367   0.01789   0.03048   5.12054   0.09411  
 17  0.0001   3619.544393  x:  0.02570   0.03298   0.02909   0.04367   0.01789   0.03048   5.12052   0.09411  
 18  0.0000   3619.544393  x:  0.02570   0.03298   0.02909   0.04367   0.01789   0.03048   5.12053   0.09411  