

TREE # 1

  0  0.0000   1192.226214  x:  0.00282   0.01144   0.01144   0.02082   0.00364   0.01141   2.00000   0.40000  
  1 99.0000   1192.207613  x:  0.00250   0.01156   0.01159   0.02050   0.00437   0.01170   2.00023   0.39857  
  2 22.7820   1192.094898  x:  0.00000   0.01245   0.01272   0.01800   0.00315   0.01385   2.00326   0.37975  
  3 80.1347   1185.070529  x:  0.00362   0.01602   0.01752   0.02161   0.00234   0.02468   2.06029   0.02558  
  4 377.5405   1184.976612  x:  0.00334   0.01572   0.01715   0.02134   0.00238   0.02419   2.06167   0.01707  
  5 1179.7817   1184.972027  x:  0.00331   0.01639   0.01760   0.02131   0.00239   0.02353   2.06301   0.01696  
  6  3.8871   1184.801625  x:  0.00291   0.01287   0.02173   0.02090   0.00251   0.02116   2.12775   0.01762  
  7 11.6805   1183.071440  x:  0.00000   0.01298   0.01462   0.01799   0.00321   0.01303   2.63471   0.02355  
  8 547.0420   1181.823368  x:  0.00342   0.01181   0.00830   0.02136   0.00409   0.01375   3.93462   0.02761  
  9  1.3494   1181.407012  x:  0.00475   0.01144   0.01283   0.02264   0.00419   0.01069   4.57897   0.02889  
 10  1.3117   1180.918223  x:  0.00393   0.01089   0.01269   0.02159   0.00300   0.01567   6.85333   0.03139  
 11  0.6782   1180.620854  x:  0.00289   0.01229   0.01058   0.02042   0.00306   0.01139   8.28255   0.03208  
 12  1.2516   1180.499063  x:  0.00311   0.01129   0.01188   0.02042   0.00453   0.01155   9.94412   0.03232  
 13  0.9141   1180.403861  x:  0.00341   0.01225   0.01194   0.02044   0.00340   0.01197  12.82204   0.03237  
 14  0.9234   1180.388152  x:  0.00338   0.01129   0.01166   0.02033   0.00354   0.01161  13.80642   0.03229  
 15  0.8425   1180.383066  x:  0.00350   0.01160   0.01161   0.02039   0.00376   0.01180  14.64782   0.03233  
 16  0.6303   1180.382275  x:  0.00351   0.01158   0.01161   0.02038   0.00365   0.01178  15.07605   0.03236  
 17  0.3219   1180.382256  x:  0.00350   0.01158   0.01163   0.02038   0.00366   0.01177  15.12551   0.03239  
 18  0.0365   1180.382256  x:  0.00349   0.01158   0.01163   0.02038   0.00366   0.01177  15.12484   0.03241  
 19  0.0005   1180.382256  x:  0.00348   0.01158   0.01163   0.02039   0.00366   0.01177  15.12355   0.03241  
 20  0.0008   1180.382256  x:  0.00347   0.01158   0.01163   0.02040   0.00366   0.01177  15.12393   0.03242  
 21  0.0004   1180.382256  x:  0.00346   0.01158   0.01163   0.02041   0.00366   0.01177  15.12422   0.03242  