

TREE # 1

  0  0.0000   1151.423856  x:  0.04280   0.00000   0.10594   0.06079   0.00000   0.69179   2.00000   0.40000  
  1 99.0000   1151.422260  x:  0.04280   0.00001   0.10594   0.06079   0.00000   0.69179   2.00000   0.40000  
  2 451.4387   1136.150419  x:  0.00000   0.00407   0.06280   0.01800   0.00000   0.71928   1.99955   0.37108  
  3 299.8998   1129.343289  x:  0.00236   0.00531   0.01551   0.02036   0.00000   0.74973   1.99883   0.33749  
  4 259.6584   1108.265201  x:  0.00660   0.00355   0.02293   0.02460   0.00000   0.93771   1.99336   0.11592  
  5 180.5751   1102.469234  x:  0.01061   0.00316   0.03308   0.02860   0.00000   1.18822   1.96554   0.15812  
  6 68.2991   1097.882521  x:  0.00743   0.00414   0.03000   0.02543   0.00000   1.26661   1.13570   0.11026  
  7  6.4975   1094.848241  x:  0.00219   0.00504   0.02596   0.02020   0.00000   1.41406   1.27288   0.07399  
  8  0.6527   1093.080151  x:  0.00094   0.00707   0.02144   0.01901   0.00000   1.61224   1.63545   0.08847  
  9  0.3784   1091.813723  x:  0.00952   0.00852   0.02641   0.02767   0.00000   1.84946   1.72207   0.06929  
 10  0.3354   1091.078225  x:  0.00525   0.01035   0.02622   0.02344   0.00000   2.04447   1.65622   0.05462  
 11  0.2131   1090.579439  x:  0.00158   0.01180   0.02706   0.01982   0.00000   2.16952   1.63220   0.05731  
 12  0.1674   1090.283165  x:  0.00519   0.01392   0.02403   0.02352   0.00000   2.44047   1.67907   0.05181  
 13  0.1396   1090.183548  x:  0.00419   0.01509   0.02559   0.02257   0.00000   2.60405   1.70178   0.04607  
 14  0.1618   1090.134365  x:  0.00307   0.01570   0.02682   0.02149   0.00000   2.71824   1.73851   0.04573  
 15  0.0812   1090.101075  x:  0.00324   0.01637   0.02511   0.02174   0.00000   2.90497   1.78955   0.04215  
 16  0.0857   1090.065305  x:  0.00416   0.01574   0.02546   0.02272   0.00000   3.04445   1.84170   0.04161  
 17  0.0576   1090.005919  x:  0.00369   0.01469   0.02638   0.02237   0.00000   3.34550   1.89630   0.03657  
 18  0.1306   1089.964107  x:  0.00298   0.01255   0.02598   0.02170   0.00000   3.42122   1.88285   0.03629  
 19  0.0631   1089.961272  x:  0.00329   0.01221   0.02580   0.02204   0.00000   3.46192   1.88365   0.03565  
 20  0.0430   1089.960953  x:  0.00338   0.01226   0.02579   0.02213   0.00000   3.44891   1.87662   0.03583  
 21  0.0154   1089.960776  x:  0.00335   0.01230   0.02582   0.02212   0.00000   3.45893   1.87065   0.03564  
 22  0.0058   1089.960706  x:  0.00330   0.01230   0.02581   0.02211   0.00000   3.47688   1.87299   0.03548  
 23  0.0057   1089.960691  x:  0.00331   0.01232   0.02581   0.02214   0.00000   3.48260   1.87459   0.03542  
 24  0.0048   1089.960691  x:  0.00331   0.01232   0.02582   0.02215   0.00000   3.48282   1.87460   0.03542  
 25  0.0002   1089.960691  x:  0.00330   0.01232   0.02582   0.02215   0.00000   3.48283   1.87460   0.03542  
 26  0.0000   1089.960691  x:  0.00330   0.01232   0.02582   0.02215   0.00000   3.48283   1.87460   0.03542  
 27  0.0000   1089.960691  x:  0.00330   0.01232   0.02582   0.02215   0.00000   3.48283   1.87460   0.03542  
 28  0.0000   1089.960691  x:  0.00330   0.01232   0.02582   0.02215   0.00000   3.48283   1.87460   0.03542  
 29  0.0000   1089.960691  x:  0.00330   0.01232   0.02582   0.02215   0.00000   3.48283   1.87460   0.03542  
 30  0.0001   1089.960691  x:  0.00330   0.01232   0.02582   0.02215   0.00000   3.48283   1.87460   0.03542  
 31  0.0005   1089.960691  x:  0.00330   0.01232   0.02582   0.02215   0.00000   3.48283   1.87460   0.03542  