

TREE # 1

  0  0.0000    742.402284  x:  0.00977   0.00568   0.01216   0.02777   0.00568   0.02389   2.00000   0.40000  
  1 99.0000    742.315906  x:  0.00727   0.00650   0.01087   0.02527   0.00608   0.02344   2.00079   0.39404  
  2 23.2490    742.101445  x:  0.00558   0.00390   0.01162   0.02358   0.00481   0.02281   2.00323   0.37558  
  3 76.0021    735.960038  x:  0.00000   0.00721   0.02647   0.01800   0.00275   0.01609   2.04497   0.05892  
  4 549.6137    735.960038  x:  0.00000   0.00721   0.02647   0.01800   0.00275   0.01609   2.04497   0.05892  
  5 30761.9084    734.288167  x:  0.00771   0.00548   0.02207   0.02571   0.01088   0.01980   2.04507   0.05767  
  6 315.8200    733.472122  x:  0.01118   0.00428   0.01302   0.02918   0.00520   0.02398   2.04531   0.05472  
  7 128.8257    733.406808  x:  0.01102   0.00613   0.01144   0.02902   0.00542   0.02440   2.04544   0.05318  
  8 58.6154    733.304056  x:  0.00960   0.00519   0.00939   0.02760   0.00678   0.02488   2.04598   0.04690  
  9 42.4106    733.043793  x:  0.00968   0.00533   0.01073   0.02767   0.00645   0.02637   2.04762   0.02858  
 10 89.8031    733.032601  x:  0.01001   0.00531   0.01040   0.02800   0.00634   0.02477   2.04801   0.02754  
 11 13.5399    730.338982  x:  0.00960   0.00501   0.01425   0.02754   0.00404   0.02066   6.87618   0.04543  
 12  2.1327    730.135177  x:  0.00838   0.00507   0.01306   0.02631   0.00517   0.02548   7.12840   0.03414  
 13  0.2754    730.087850  x:  0.00906   0.00522   0.01161   0.02699   0.00481   0.02422   7.47299   0.02967  
 14  0.2421    730.056608  x:  0.00927   0.00521   0.01147   0.02720   0.00530   0.02235   8.01308   0.03315  
 15  0.3134    730.008046  x:  0.00945   0.00508   0.01193   0.02739   0.00452   0.02448   9.40029   0.03436  
 16  0.4993    729.997138  x:  0.00913   0.00509   0.01214   0.02708   0.00510   0.02407   9.86176   0.03261  
 17  0.4629    729.995858  x:  0.00915   0.00513   0.01196   0.02710   0.00496   0.02381  10.10146   0.03269  
 18  0.1791    729.995806  x:  0.00911   0.00512   0.01200   0.02707   0.00495   0.02385  10.14055   0.03279  
 19  0.0324    729.995806  x:  0.00910   0.00512   0.01200   0.02707   0.00495   0.02385  10.14130   0.03278  
 20  0.0006    729.995806  x:  0.00910   0.00512   0.01200   0.02707   0.00495   0.02385  10.14044   0.03278  
 21  0.0006    729.995806  x:  0.00909   0.00512   0.01200   0.02708   0.00495   0.02385  10.14042   0.03278  