

TREE # 1

  0  0.0000   1597.243439  x:  0.05275   0.01932   0.03992   0.07074   0.04673   0.04444   2.00000   0.40000  
  1 99.0000   1596.753402  x:  0.05873   0.02201   0.04640   0.07673   0.05283   0.04948   2.00050   0.40601  
  2 68.7809   1596.584479  x:  0.06137   0.01747   0.04580   0.07937   0.05348   0.04965   2.00124   0.41405  
  3 40.6441   1595.890019  x:  0.06784   0.02119   0.03806   0.08584   0.04945   0.04447   2.00622   0.46606  
  4 75.4199   1594.140642  x:  0.05472   0.01917   0.04962   0.07271   0.04375   0.04408   2.02189   0.61836  
  5 167.6214   1593.900778  x:  0.05116   0.01927   0.04532   0.06916   0.04979   0.04701   2.02458   0.63865  
  6 113.7399   1593.774018  x:  0.05139   0.01938   0.04382   0.06939   0.04623   0.05265   2.09845   0.64263  
  7  3.4185   1592.525511  x:  0.05189   0.01897   0.04521   0.06989   0.05192   0.04376   2.92152   0.68571  
  8 313.6067   1592.168553  x:  0.05806   0.01884   0.04132   0.07605   0.05110   0.04808   3.00628   0.76076  
  9  0.0804   1592.056874  x:  0.05609   0.01891   0.04265   0.07407   0.04922   0.04503   3.05543   0.83757  
 10  0.0477   1592.050523  x:  0.05613   0.01886   0.04216   0.07411   0.05003   0.04567   3.04274   0.85135  
 11  0.0137   1592.050281  x:  0.05615   0.01886   0.04234   0.07413   0.05001   0.04559   3.03535   0.85330  
 12  0.0062   1592.050267  x:  0.05614   0.01886   0.04230   0.07412   0.04999   0.04558   3.03241   0.85308  
 13  0.0022   1592.050266  x:  0.05614   0.01886   0.04230   0.07412   0.04999   0.04558   3.03219   0.85295  
 14  0.0002   1592.050266  x:  0.05614   0.01886   0.04230   0.07412   0.04999   0.04558   3.03218   0.85294  