

TREE # 1

  0  0.0000   1791.908903  x:  0.00000   0.01482   0.03308   0.01800   0.03901   0.03514   2.00000   0.40000  
  1 99.0000   1791.907504  x:  0.00000   0.01482   0.03308   0.01800   0.03901   0.03513   2.00000   0.40000  
  2 561.7843   1779.887628  x:  0.00000   0.01925   0.01130   0.03081   0.01721   0.00784   2.00022   0.39791  
  3 1024.3389   1779.722548  x:  0.00000   0.01713   0.01181   0.03188   0.01413   0.00890   2.00034   0.39686  
  4 78.1202   1779.688201  x:  0.00000   0.01569   0.01219   0.03236   0.01449   0.00818   2.00053   0.39517  
  5 31.1838   1779.568458  x:  0.00000   0.01424   0.01017   0.03303   0.01546   0.00909   2.00179   0.38392  
  6 40.6815   1773.572150  x:  0.00000   0.01379   0.01038   0.03461   0.01671   0.00994   2.03701   0.06915  
  7 319.6832   1768.657559  x:  0.00000   0.01665   0.00847   0.01282   0.01097   0.00569   3.61632   0.11381  
  8  1.6654   1768.009940  x:  0.00000   0.01611   0.01011   0.00874   0.01220   0.00695   3.80588   0.08221  
  9  1.0527   1767.915715  x:  0.00291   0.01592   0.01067   0.00735   0.01263   0.00738   3.87085   0.07138  
 10 1486.0762   1767.855044  x:  0.00373   0.01467   0.01119   0.00680   0.01316   0.00795   3.93611   0.08121  
 11  0.2120   1767.797434  x:  0.00341   0.01289   0.01069   0.00691   0.01286   0.00778   3.99173   0.07671  
 12  0.1310   1767.793707  x:  0.00339   0.01306   0.01034   0.00690   0.01303   0.00776   4.03318   0.07573  
 13  0.0404   1767.791455  x:  0.00368   0.01309   0.01038   0.00662   0.01286   0.00773   4.15777   0.07599  
 14  0.0450   1767.791292  x:  0.00374   0.01307   0.01040   0.00655   0.01295   0.00773   4.17201   0.07622  
 15  0.0161   1767.791290  x:  0.00375   0.01307   0.01040   0.00654   0.01294   0.00774   4.17306   0.07625  
 16  0.0012   1767.791290  x:  0.00375   0.01307   0.01040   0.00654   0.01294   0.00774   4.17324   0.07625  
 17  0.0002   1767.791290  x:  0.00375   0.01307   0.01040   0.00654   0.01294   0.00774   4.17322   0.07625  