

TREE # 1

  0  0.0000   1056.798149  x:  0.00394   0.00398   0.00864   0.02194   0.00843   0.01709   2.00000   0.40000  
  1 99.0000   1056.791976  x:  0.00381   0.00441   0.00841   0.02180   0.00837   0.01697   2.00003   0.39972  
  2 20.9098   1056.783198  x:  0.00345   0.00417   0.00793   0.02144   0.00824   0.01660   2.00016   0.39852  
  3 17.0887   1056.717468  x:  0.00254   0.00425   0.00923   0.02054   0.00858   0.01489   2.00154   0.38552  
  4 32.9612   1055.253739  x:  0.00515   0.00424   0.00837   0.02314   0.00843   0.01015   2.02540   0.16099  
  5 272.8072   1055.003917  x:  0.00425   0.00423   0.00861   0.02225   0.00847   0.01169   2.03037   0.11429  
  6 1988.9916   1055.003809  x:  0.00425   0.00423   0.00863   0.02225   0.00838   0.01169   2.03044   0.11429  
  7  1.2248   1054.660195  x:  0.00298   0.00423   0.00867   0.02095   0.00837   0.01591   2.41026   0.15578  
  8  1.7505   1054.604697  x:  0.00404   0.00421   0.00798   0.02196   0.00822   0.01662   2.63304   0.14535  
  9  0.1889   1054.598836  x:  0.00370   0.00421   0.00823   0.02162   0.00826   0.01675   2.70706   0.14197  
 10  0.0656   1054.598395  x:  0.00370   0.00422   0.00823   0.02164   0.00827   0.01671   2.74215   0.14402  
 11  0.0196   1054.598378  x:  0.00369   0.00422   0.00822   0.02165   0.00827   0.01668   2.74487   0.14372  
 12  0.0020   1054.598377  x:  0.00369   0.00422   0.00822   0.02166   0.00827   0.01668   2.74447   0.14374  
 13  0.0003   1054.598377  x:  0.00368   0.00422   0.00822   0.02166   0.00827   0.01667   2.74440   0.14374  
 14  0.0000   1054.598377  x:  0.00368   0.00422   0.00822   0.02166   0.00827   0.01667   2.74440   0.14374  
 15  0.0000   1054.598377  x:  0.00368   0.00422   0.00822   0.02166   0.00827   0.01667   2.74440   0.14374  
 16  0.0000   1054.598377  x:  0.00368   0.00422   0.00822   0.02166   0.00827   0.01667   2.74440   0.14374  
check convergence!
