

TREE # 1

  0  0.0000   1194.979236  x:  0.00762   0.00357   0.02383   0.02562   0.01149   0.01617   2.00000   0.40000  
  1 99.0000   1194.961473  x:  0.00741   0.00432   0.02395   0.02540   0.01184   0.01610   2.00007   0.39934  
  2 34.0824   1194.888231  x:  0.00602   0.00381   0.02474   0.02402   0.01367   0.01564   2.00063   0.39365  
  3 41.8705   1191.162006  x:  0.00239   0.00418   0.04006   0.02039   0.00565   0.01328   2.02714   0.12544  
  4 104.0411   1190.436543  x:  0.00319   0.00413   0.04219   0.02119   0.00636   0.01353   2.03276   0.06854  
  5 5344.2175   1190.413905  x:  0.00260   0.00416   0.04035   0.02060   0.00614   0.01407   2.03315   0.06632  
  6 28.2812   1190.409213  x:  0.00256   0.00416   0.03975   0.02055   0.00611   0.01347   2.03334   0.06588  
  7 15.0872   1188.399528  x:  0.00381   0.00414   0.02193   0.02179   0.00973   0.01498   2.89034   0.08729  
  8  1.8860   1187.984189  x:  0.00696   0.00396   0.02710   0.02491   0.01089   0.01637   3.19853   0.07284  
  9  0.3739   1187.921754  x:  0.00788   0.00399   0.02459   0.02584   0.01174   0.01664   3.34171   0.07884  
 10  0.1206   1187.916602  x:  0.00778   0.00401   0.02514   0.02574   0.01231   0.01650   3.37372   0.07978  
 11  0.0310   1187.916203  x:  0.00779   0.00402   0.02501   0.02576   0.01239   0.01646   3.37785   0.07885  
 12  0.0049   1187.916200  x:  0.00779   0.00402   0.02500   0.02577   0.01240   0.01644   3.37837   0.07890  
 13  0.0004   1187.916200  x:  0.00778   0.00402   0.02500   0.02577   0.01240   0.01644   3.37863   0.07889  
 14  0.0002   1187.916200  x:  0.00778   0.00402   0.02500   0.02578   0.01240   0.01644   3.37899   0.07890  
 15  0.0002   1187.916200  x:  0.00777   0.00402   0.02500   0.02578   0.01240   0.01644   3.37901   0.07890  
 16  0.0000   1187.916200  x:  0.00777   0.00402   0.02500   0.02578   0.01240   0.01644   3.37901   0.07890  