

TREE # 1

  0  0.0000   4696.623971  x:  0.02029   0.03714   0.05020   0.03829   0.02380   0.02684   2.00000   0.40000  
  1 99.0000   4692.092198  x:  0.03312   0.03044   0.06347   0.05112   0.02448   0.02300   2.00929   0.34845  
  2 174.9226   4657.596963  x:  0.03339   0.03127   0.08627   0.05138   0.02508   0.03577   2.05438   0.09533  
  3 1091.3881   4655.980184  x:  0.03305   0.03111   0.08338   0.05105   0.02403   0.02936   2.05818   0.07651  
  4 801.9761   4655.846555  x:  0.03408   0.03126   0.08075   0.05207   0.02640   0.02988   2.06016   0.07495  
  5 70.0324   4655.745078  x:  0.03537   0.03127   0.07812   0.05336   0.02473   0.03130   2.06431   0.07428  
  6 53.6551   4638.076128  x:  0.03348   0.01830   0.05861   0.05145   0.02589   0.02209   3.53467   0.10312  
  7 54.2790   4633.450118  x:  0.03622   0.03226   0.05577   0.05418   0.02565   0.01720   3.94294   0.11133  
  8 12739.5827   4627.977992  x:  0.02984   0.03707   0.06924   0.04783   0.02462   0.03072   4.69266   0.10439  
  9  1.7935   4624.682089  x:  0.02166   0.03855   0.05334   0.03996   0.02414   0.03015   5.20207   0.10548  
 10  0.4686   4623.364478  x:  0.02391   0.03897   0.05478   0.04294   0.02367   0.02406   6.23711   0.10778  
 11  0.3202   4622.986326  x:  0.02345   0.03874   0.05277   0.04217   0.02487   0.02729   6.87484   0.10916  
 12  0.3150   4622.923060  x:  0.02289   0.03792   0.05507   0.04188   0.02447   0.02700   7.09154   0.10901  
 13  0.2266   4622.904175  x:  0.02353   0.03736   0.05460   0.04247   0.02413   0.02682   7.20101   0.10947  
 14  0.1128   4622.902744  x:  0.02342   0.03714   0.05445   0.04238   0.02429   0.02676   7.21158   0.10956  
 15  0.0089   4622.902606  x:  0.02342   0.03707   0.05449   0.04239   0.02427   0.02681   7.19887   0.10956  
 16  0.0084   4622.902604  x:  0.02342   0.03707   0.05448   0.04239   0.02427   0.02680   7.19707   0.10957  
 17  0.0015   4622.902604  x:  0.02342   0.03707   0.05448   0.04239   0.02427   0.02680   7.19709   0.10957  
 18  0.0000   4622.902604  x:  0.02342   0.03707   0.05448   0.04239   0.02427   0.02680   7.19709   0.10957  
 19  0.0003   4622.902604  x:  0.02342   0.03707   0.05448   0.04239   0.02427   0.02680   7.19709   0.10957  
check convergence!
