

TREE # 1

  0  0.0000   1101.283855  x:  0.00000   0.02294   0.02586   0.01800   0.02805   0.03511   2.00000   0.40000  
  1 99.0000   1101.282446  x:  0.00000   0.02294   0.02586   0.01800   0.02804   0.03511   2.00000   0.40000  
  2 176.0144   1100.872019  x:  0.00000   0.02457   0.02495   0.02728   0.02228   0.03250   2.00047   0.39619  
  3 91.6068   1100.234394  x:  0.00000   0.02025   0.03570   0.02574   0.01375   0.03219   2.00595   0.35152  
  4 28.5087   1093.517852  x:  0.00000   0.02776   0.04472   0.02246   0.01151   0.02164   2.04225   0.05405  
  5 290.2511   1093.299583  x:  0.00000   0.02578   0.04362   0.02309   0.01140   0.02326   2.04427   0.03792  
  6 473.4909   1093.296062  x:  0.00000   0.02526   0.04367   0.02323   0.01171   0.02273   2.04491   0.03782  
  7  4.5806   1090.509078  x:  0.00000   0.01338   0.02467   0.02542   0.01179   0.03099   2.82814   0.05816  
  8  6.6006   1088.958583  x:  0.00000   0.02089   0.01246   0.02117   0.01294   0.02912   3.41018   0.05754  
  9  1.8893   1088.550532  x:  0.00000   0.02364   0.01740   0.01665   0.01387   0.02624   3.82007   0.05572  
 10  0.8373   1088.548474  x:  0.00068   0.02374   0.01759   0.01648   0.01390   0.02613   3.83580   0.05565  
 11 141.5269   1088.394854  x:  0.00229   0.02313   0.01587   0.01472   0.01278   0.02196   4.26251   0.05275  
 12  0.4631   1088.287164  x:  0.00412   0.02249   0.01430   0.01310   0.01465   0.02391   4.90968   0.05447  
 13  0.4018   1088.245483  x:  0.00626   0.02221   0.01576   0.01124   0.01331   0.02427   5.38056   0.05594  
 14  0.2609   1088.242665  x:  0.00642   0.02208   0.01542   0.01078   0.01339   0.02410   5.52525   0.05589  
 15  0.1086   1088.242559  x:  0.00659   0.02215   0.01546   0.01065   0.01343   0.02411   5.55214   0.05588  
 16  0.0225   1088.242556  x:  0.00660   0.02216   0.01545   0.01064   0.01342   0.02412   5.55492   0.05587  
 17  0.0025   1088.242556  x:  0.00660   0.02216   0.01545   0.01065   0.01342   0.02412   5.55451   0.05586  
 18  0.0003   1088.242556  x:  0.00660   0.02216   0.01545   0.01065   0.01342   0.02412   5.55448   0.05586  
 19  0.0000   1088.242556  x:  0.00660   0.02216   0.01545   0.01065   0.01342   0.02412   5.55448   0.05586  
 20  0.0000   1088.242556  x:  0.00660   0.02216   0.01545   0.01065   0.01342   0.02412   5.55448   0.05586  
 21  0.0000   1088.242556  x:  0.00660   0.02216   0.01545   0.01065   0.01342   0.02412   5.55448   0.05586  