

TREE # 1

  0  0.0000   3630.247637  x:  0.02236   0.06254   0.02881   0.04036   0.03506   0.05407   2.00000   0.40000  
  1 99.0000   3629.407331  x:  0.02625   0.06355   0.02490   0.04425   0.02923   0.05831   2.00284   0.38961  
  2 113.1321   3621.949126  x:  0.02445   0.07503   0.03372   0.04245   0.03213   0.08539   2.04572   0.23271  
  3 191.6503   3618.535934  x:  0.02247   0.07237   0.02719   0.04047   0.03216   0.07984   2.06548   0.16264  
  4 922.9538   3618.234345  x:  0.02489   0.07181   0.03063   0.04288   0.03152   0.07669   2.06882   0.15542  
  5 153.9048   3618.019590  x:  0.02366   0.07615   0.03135   0.04166   0.02867   0.07451   2.08748   0.15531  
  6 24.1025   3616.988896  x:  0.02639   0.08833   0.02758   0.04439   0.03379   0.06984   2.18909   0.15693  
  7 277.8135   3599.339924  x:  0.02448   0.05326   0.03153   0.04247   0.02842   0.06978   4.22737   0.20128  
  8 783.4921   3596.641265  x:  0.02455   0.06859   0.02657   0.04250   0.03110   0.05497   4.60092   0.19729  
  9  0.4382   3595.796882  x:  0.02390   0.06865   0.02477   0.04185   0.03385   0.06191   5.32799   0.18705  
 10  0.3660   3595.325523  x:  0.02488   0.06461   0.02647   0.04284   0.03289   0.05622   5.85544   0.19418  
 11  0.4305   3595.272089  x:  0.02482   0.06626   0.02701   0.04278   0.03198   0.05788   6.02689   0.19730  
 12  0.1580   3595.265427  x:  0.02470   0.06621   0.02643   0.04266   0.03180   0.05772   6.09575   0.19669  
 13  0.0697   3595.265205  x:  0.02472   0.06618   0.02648   0.04268   0.03189   0.05771   6.11083   0.19655  
 14  0.0123   3595.265205  x:  0.02472   0.06619   0.02648   0.04269   0.03189   0.05771   6.11112   0.19655  
 15  0.0003   3595.265205  x:  0.02472   0.06619   0.02648   0.04269   0.03189   0.05771   6.11112   0.19655  
 16  0.0000   3595.265205  x:  0.02471   0.06619   0.02648   0.04269   0.03189   0.05771   6.11112   0.19655  
 17  0.0000   3595.265205  x:  0.02471   0.06619   0.02648   0.04269   0.03189   0.05771   6.11112   0.19655  