

TREE # 1

  0  0.0000   2107.262368  x:  0.00846   0.01360   0.02058   0.02645   0.01667   0.02446   2.00000   0.40000  
  1 99.0000   2106.587868  x:  0.00565   0.01154   0.02078   0.02364   0.02230   0.02131   2.00247   0.37571  
  2 53.0096   2095.425149  x:  0.01160   0.02473   0.02166   0.02959   0.03929   0.01167   2.03323   0.07244  
  3 604.2691   2094.633967  x:  0.01149   0.02427   0.02163   0.02949   0.03986   0.01302   2.03594   0.04565  
  4 4023.8813   2094.592674  x:  0.01145   0.02348   0.02161   0.02944   0.03866   0.01200   2.03628   0.04402  
  5 58.4603   2094.580946  x:  0.01154   0.02330   0.02277   0.02953   0.03862   0.01201   2.03907   0.04401  
  6  5.0456   2092.249632  x:  0.01578   0.01164   0.02094   0.03377   0.03519   0.01322   2.57908   0.05205  
  7 47.8169   2089.062891  x:  0.00680   0.01321   0.02184   0.02479   0.02063   0.01513   3.30742   0.06256  
  8 4898.0795   2088.092334  x:  0.00925   0.01205   0.02063   0.02742   0.01602   0.02149   3.41065   0.05653  
  9  0.0760   2087.977955  x:  0.00939   0.01362   0.02073   0.02761   0.01818   0.02281   3.41676   0.05730  
 10  0.0119   2087.945081  x:  0.00876   0.01359   0.02129   0.02700   0.01755   0.02395   3.39582   0.06012  
 11  0.0175   2087.940681  x:  0.00888   0.01326   0.02114   0.02715   0.01773   0.02425   3.34836   0.06007  
 12  0.0421   2087.939872  x:  0.00888   0.01337   0.02103   0.02716   0.01761   0.02431   3.31888   0.05979  
 13  0.0212   2087.939754  x:  0.00887   0.01337   0.02110   0.02716   0.01763   0.02427   3.30738   0.05970  
 14  0.0092   2087.939749  x:  0.00886   0.01337   0.02109   0.02716   0.01764   0.02425   3.30688   0.05973  
 15  0.0004   2087.939749  x:  0.00885   0.01337   0.02109   0.02717   0.01764   0.02425   3.30686   0.05974  
 16  0.0000   2087.939749  x:  0.00885   0.01337   0.02109   0.02717   0.01764   0.02425   3.30686   0.05974  
 17  0.0000   2087.939749  x:  0.00885   0.01337   0.02109   0.02717   0.01764   0.02425   3.30686   0.05974  
 18  0.0012   2087.939749  x:  0.00885   0.01337   0.02109   0.02717   0.01764   0.02425   3.30686   0.05974  
 19  0.0004   2087.939749  x:  0.00885   0.01337   0.02109   0.02717   0.01764   0.02425   3.30686   0.05974  
 20  0.0002   2087.939749  x:  0.00885   0.01337   0.02109   0.02717   0.01764   0.02425   3.30686   0.05974  
 21  0.0016   2087.939749  x:  0.00885   0.01337   0.02109   0.02717   0.01764   0.02425   3.30686   0.05974  
 22  7.6724   2087.939749  x:  0.00885   0.01337   0.02109   0.02717   0.01764   0.02425   3.30686   0.05974  
check convergence!
