

TREE # 1

  0  0.0000   1310.686945  x:  0.02575   0.01982   0.03901   0.04375   0.03602   0.03916   2.00000   0.40000  
  1 99.0000   1308.781133  x:  0.01589   0.01611   0.03841   0.03389   0.04526   0.02716   2.00449   0.36444  
  2 83.9168   1279.317090  x:  0.01815   0.03699   0.03957   0.03615   0.08004   0.01548   2.04693   0.02263  
  3 329.5129   1279.085269  x:  0.01793   0.03595   0.03957   0.03592   0.08037   0.01640   2.04768   0.01686  
  4 744.5455   1279.062519  x:  0.01894   0.03455   0.03982   0.03693   0.08061   0.01538   2.04962   0.01654  
  5 13.9212   1278.881349  x:  0.02132   0.03239   0.04173   0.03932   0.09044   0.01721   2.07940   0.01712  
  6 20.2952   1276.582057  x:  0.02270   0.02501   0.02381   0.04070   0.08501   0.01876   2.43686   0.01883  
  7 83.6773   1270.804356  x:  0.01921   0.00886   0.03968   0.03720   0.05346   0.02122   3.38995   0.02242  
  8 2306.7089   1268.484616  x:  0.01934   0.02413   0.04575   0.03733   0.04000   0.02300   4.24933   0.02391  
  9  2.8728   1267.029239  x:  0.02692   0.02405   0.04754   0.04489   0.06072   0.02860   5.13420   0.02389  
 10  0.8332   1265.789243  x:  0.03127   0.01819   0.04334   0.04923   0.04247   0.03671   5.94374   0.02458  
 11  0.6624   1265.450256  x:  0.02889   0.01717   0.04367   0.04684   0.05077   0.04140   7.07407   0.02451  
 12  0.3837   1265.319496  x:  0.02702   0.01722   0.04306   0.04496   0.04454   0.04225   7.70658   0.02504  
 13  0.3158   1265.236237  x:  0.02675   0.01935   0.04315   0.04469   0.04689   0.03871   8.35238   0.02547  
 14  0.1975   1265.206315  x:  0.02812   0.01806   0.04224   0.04607   0.04592   0.03755   8.71037   0.02546  
 15  0.1946   1265.204305  x:  0.02796   0.01769   0.04270   0.04591   0.04644   0.03750   8.78387   0.02530  
 16  0.0445   1265.204191  x:  0.02793   0.01770   0.04283   0.04589   0.04629   0.03744   8.78726   0.02529  
 17  0.0026   1265.204187  x:  0.02795   0.01769   0.04285   0.04591   0.04629   0.03744   8.78274   0.02529  
 18  0.0034   1265.204187  x:  0.02795   0.01769   0.04285   0.04591   0.04630   0.03744   8.78267   0.02529  
 19  0.0001   1265.204187  x:  0.02795   0.01769   0.04285   0.04591   0.04630   0.03744   8.78266   0.02529  
 20  0.0000   1265.204187  x:  0.02795   0.01769   0.04285   0.04591   0.04630   0.03744   8.78265   0.02529  
 21  0.0000   1265.204187  x:  0.02795   0.01769   0.04285   0.04591   0.04630   0.03744   8.78265   0.02529  