

TREE # 1

  0  0.0000   1603.787187  x:  0.01895   0.02593   0.01362   0.03694   0.00470   0.04385   2.00000   0.40000  
  1 99.0000   1603.527092  x:  0.01935   0.02701   0.01184   0.03735   0.00240   0.04417   2.00017   0.39899  
  2 132.0236   1603.322420  x:  0.02016   0.02917   0.00866   0.03816   0.00305   0.04495   2.00055   0.39664  
  3 131.9124   1602.979077  x:  0.02248   0.03557   0.01102   0.04047   0.00314   0.04796   2.00263   0.38403  
  4 74.4300   1593.319275  x:  0.01783   0.03507   0.01067   0.03583   0.00292   0.06978   2.04876   0.10210  
  5 147.9423   1592.814719  x:  0.02085   0.03429   0.01078   0.03885   0.00301   0.06524   2.05281   0.07897  
  6 359.9903   1592.767538  x:  0.01952   0.03609   0.01084   0.03752   0.00306   0.06285   2.05406   0.07674  
  7 30.3482   1588.204077  x:  0.02390   0.03776   0.01082   0.04189   0.00335   0.03863   3.45463   0.10902  
  8  6.5996   1587.043006  x:  0.02153   0.03299   0.00969   0.03951   0.00314   0.05396   4.19560   0.10349  
  9  1.5511   1586.559390  x:  0.02141   0.02826   0.00836   0.03934   0.00313   0.04641   4.96550   0.10392  
 10  0.4139   1586.394780  x:  0.02160   0.03263   0.00926   0.03951   0.00311   0.04538   5.48311   0.10776  
 11  0.3296   1586.357199  x:  0.02211   0.03152   0.00925   0.04001   0.00321   0.04733   5.83121   0.10782  
 12  0.2124   1586.354620  x:  0.02193   0.03150   0.00909   0.03984   0.00314   0.04686   5.91638   0.10773  
 13  0.0724   1586.354576  x:  0.02192   0.03151   0.00912   0.03983   0.00316   0.04685   5.92615   0.10771  
 14  0.0095   1586.354574  x:  0.02192   0.03152   0.00912   0.03984   0.00315   0.04686   5.92760   0.10769  
 15  0.0013   1586.354574  x:  0.02192   0.03152   0.00912   0.03984   0.00315   0.04686   5.92746   0.10768  
 16  0.0001   1586.354574  x:  0.02192   0.03152   0.00912   0.03984   0.00315   0.04686   5.92745   0.10768  
 17  0.0000   1586.354574  x:  0.02192   0.03152   0.00912   0.03984   0.00315   0.04686   5.92745   0.10768  