

TREE # 1

  0  0.0000   2646.423808  x:  0.01505   0.01678   0.01653   0.03305   0.02132   0.03082   2.00000   0.40000  
  1 99.0000   2646.375744  x:  0.01603   0.01794   0.01711   0.03403   0.02163   0.03136   2.00064   0.39826  
  2 36.0979   2646.067563  x:  0.01830   0.01577   0.01493   0.03629   0.02187   0.03364   2.00881   0.37598  
  3 48.5076   2643.952827  x:  0.01723   0.01476   0.01828   0.03523   0.01989   0.03657   2.05871   0.24013  
  4 535.1868   2643.720571  x:  0.01694   0.01666   0.01585   0.03493   0.02130   0.03478   2.06545   0.22254  
  5 441.4640   2643.695902  x:  0.01739   0.01622   0.01618   0.03538   0.02172   0.03339   2.06658   0.22079  
  6 44.8297   2643.690260  x:  0.01753   0.01632   0.01607   0.03553   0.02113   0.03310   2.06773   0.22074  
  7 10.1826   2638.190897  x:  0.01569   0.01907   0.01463   0.03368   0.02361   0.02801   4.26627   0.37132  
  8 24.6751   2637.384958  x:  0.01568   0.01725   0.01803   0.03362   0.02061   0.03403   4.59339   0.32034  
  9  0.3266   2637.096692  x:  0.01605   0.01697   0.01674   0.03398   0.02119   0.03119   4.99835   0.28718  
 10  0.2200   2637.004483  x:  0.01592   0.01805   0.01590   0.03385   0.02197   0.03075   5.35816   0.30947  
 11  0.1952   2636.970304  x:  0.01588   0.01774   0.01663   0.03383   0.02143   0.03152   5.65981   0.30943  
 12  0.1748   2636.969076  x:  0.01592   0.01761   0.01649   0.03388   0.02148   0.03132   5.70253   0.31004  
 13  0.0373   2636.969069  x:  0.01591   0.01761   0.01649   0.03387   0.02149   0.03133   5.70541   0.31018  
 14  0.0028   2636.969069  x:  0.01590   0.01761   0.01649   0.03387   0.02149   0.03133   5.70559   0.31019  
 15  0.0002   2636.969069  x:  0.01590   0.01761   0.01649   0.03388   0.02149   0.03133   5.70559   0.31020  
 16  0.0000   2636.969069  x:  0.01590   0.01761   0.01649   0.03388   0.02149   0.03133   5.70559   0.31019  
 17  0.0000   2636.969069  x:  0.01590   0.01761   0.01649   0.03388   0.02149   0.03133   5.70559   0.31019  
 18  0.0000   2636.969069  x:  0.01590   0.01761   0.01649   0.03388   0.02149   0.03133   5.70559   0.31019  
check convergence!
