

TREE # 1

  0  0.0000   2803.296163  x:  0.01020   0.02324   0.03780   0.02820   0.01133   0.01265   2.00000   0.40000  
  1 99.0000   2803.071329  x:  0.01133   0.02232   0.03804   0.02932   0.00903   0.01461   2.00041   0.39755  
  2 101.6814   2802.569768  x:  0.01308   0.01852   0.03995   0.03107   0.01146   0.01619   2.00291   0.38257  
  3 100.6737   2796.038109  x:  0.01455   0.01223   0.05471   0.03255   0.00699   0.00761   2.03287   0.20301  
  4 524.1111   2792.060897  x:  0.01429   0.01369   0.06118   0.03228   0.00707   0.00882   2.04991   0.10080  
  5 8449.5198   2791.838315  x:  0.01420   0.01220   0.05603   0.03220   0.00706   0.00842   2.05177   0.09331  
  6 116.6433   2791.818988  x:  0.01480   0.01257   0.05546   0.03280   0.00720   0.00809   2.05219   0.09268  
  7 45.0684   2783.020069  x:  0.01390   0.01490   0.03447   0.03188   0.00900   0.01061   4.36967   0.14824  
  8  9.2941   2781.400293  x:  0.01128   0.01867   0.04459   0.02922   0.00940   0.01248   4.74191   0.12034  
  9  0.5907   2781.027203  x:  0.01144   0.02105   0.03906   0.02937   0.00924   0.01394   4.88686   0.11121  
 10  0.1429   2780.950128  x:  0.01181   0.02182   0.03896   0.02976   0.00950   0.01432   5.09112   0.12195  
 11  0.1505   2780.930273  x:  0.01133   0.02223   0.03959   0.02929   0.00945   0.01437   5.27146   0.12085  
 12  0.1034   2780.922431  x:  0.01174   0.02209   0.03957   0.02973   0.00942   0.01434   5.37939   0.11974  
 13  0.0642   2780.919000  x:  0.01158   0.02188   0.03917   0.02959   0.00943   0.01417   5.42864   0.12044  
 14  0.0408   2780.918818  x:  0.01158   0.02181   0.03930   0.02960   0.00945   0.01415   5.43366   0.12059  
 15  0.0047   2780.918800  x:  0.01156   0.02179   0.03929   0.02961   0.00944   0.01418   5.43521   0.12060  
 16  0.0006   2780.918800  x:  0.01156   0.02179   0.03929   0.02961   0.00944   0.01418   5.43479   0.12059  
 17  0.0004   2780.918800  x:  0.01155   0.02179   0.03929   0.02962   0.00944   0.01418   5.43475   0.12059  
 18  0.0000   2780.918800  x:  0.01155   0.02179   0.03929   0.02962   0.00944   0.01418   5.43475   0.12059  