

TREE # 1

  0  0.0000    588.027670  x:  0.02007   0.01500   0.03722   0.03807   0.02699   0.01680   2.00000   0.40000  
  1 99.0000    587.854508  x:  0.01632   0.02113   0.03456   0.03431   0.02543   0.01805   2.00034   0.39165  
  2 30.2958    586.939020  x:  0.00886   0.01325   0.02428   0.02686   0.02314   0.01577   2.00326   0.31858  
  3 43.6083    580.509232  x:  0.00954   0.01261   0.01303   0.02754   0.02163   0.01583   2.01487   0.02498  
  4 494.1289    580.413856  x:  0.00904   0.01244   0.01396   0.02704   0.02159   0.01575   2.01519   0.01686  
  5 675.2555    580.409965  x:  0.00891   0.01254   0.01390   0.02691   0.02271   0.01566   2.01585   0.01683  
  6  1.3052    579.506276  x:  0.00829   0.01153   0.02602   0.02629   0.02530   0.02273   2.23691   0.03008  
  7  4.0086    579.309062  x:  0.00859   0.01333   0.02797   0.02658   0.02483   0.01543   2.27252   0.03223  
  8 171.8453    578.516707  x:  0.01992   0.01796   0.02969   0.03790   0.02796   0.01950   2.17594   0.02474  
  9  0.1626    578.369012  x:  0.02015   0.01773   0.03289   0.03813   0.02696   0.01657   1.76300   0.01952  
 10  0.2845    578.347422  x:  0.01909   0.01843   0.03511   0.03707   0.02643   0.01819   1.76196   0.01945  
 11  0.0020    578.342269  x:  0.01905   0.01778   0.03627   0.03703   0.02671   0.01762   1.80039   0.01990  
 12  0.0318    578.342036  x:  0.01913   0.01771   0.03643   0.03711   0.02677   0.01764   1.78904   0.01960  
 13  0.0122    578.342021  x:  0.01917   0.01772   0.03645   0.03715   0.02679   0.01768   1.79004   0.01964  
 14  0.0008    578.342021  x:  0.01917   0.01772   0.03645   0.03716   0.02678   0.01767   1.78985   0.01964  
 15  0.0002    578.342021  x:  0.01917   0.01772   0.03645   0.03716   0.02678   0.01767   1.78993   0.01964  
 16  0.0001    578.342021  x:  0.01917   0.01772   0.03645   0.03716   0.02678   0.01767   1.78993   0.01964  
 17  0.0000    578.342021  x:  0.01917   0.01772   0.03645   0.03716   0.02678   0.01767   1.78993   0.01964  