

TREE # 1

  0  0.0000    899.380000  x:  0.00000   0.01314   0.06839   0.01800   0.02957   0.03709   2.00000   0.40000  
  1 99.0000    899.379596  x:  0.00000   0.01314   0.06839   0.01800   0.02956   0.03708   2.00000   0.40000  
  2 73.2127    899.259456  x:  0.00000   0.01544   0.06821   0.02071   0.02623   0.03280   2.00000   0.40018  
  3 50.0329    899.257185  x:  0.00000   0.01555   0.06811   0.02049   0.02680   0.03211   2.00000   0.40038  
  4  4.6480    899.255517  x:  0.00000   0.01520   0.06763   0.02094   0.02700   0.03205   2.00000   0.40215  
  5  1.1321    899.243272  x:  0.00000   0.01563   0.06553   0.02030   0.02659   0.03224   2.00000   0.41635  
  6 10.4544    899.217931  x:  0.00000   0.01536   0.06830   0.02041   0.02659   0.03198   2.00004   0.44738  
  7 27.7714    898.893396  x:  0.00000   0.01068   0.06788   0.01767   0.02185   0.02738   2.06225   0.44203  
  8  0.1300    898.889274  x:  0.00000   0.01072   0.06777   0.01698   0.02213   0.02772   2.09963   0.44224  
  9  0.0518    898.889268  x:  0.00006   0.01072   0.06777   0.01694   0.02214   0.02774   2.10141   0.44225  
 10  7.4442    898.889242  x:  0.00007   0.01071   0.06770   0.01693   0.02212   0.02772   2.10207   0.44132  
 11  0.0012    898.889241  x:  0.00007   0.01071   0.06770   0.01693   0.02212   0.02772   2.10178   0.44126  
 12  0.0004    898.889241  x:  0.00007   0.01071   0.06770   0.01693   0.02212   0.02772   2.10172   0.44125  
 13  0.0001    898.889241  x:  0.00007   0.01071   0.06770   0.01693   0.02212   0.02772   2.10172   0.44125  
 14  0.0000    898.889241  x:  0.00007   0.01071   0.06770   0.01693   0.02212   0.02772   2.10172   0.44125  