

TREE # 1

  0  0.0000   4961.091972  x:  0.00000   0.00995   0.03700   0.01800   0.02848   0.03555   2.00000   0.40000  
  1 99.0000   4961.088094  x:  0.00000   0.00995   0.03700   0.01800   0.02848   0.03555   2.00000   0.40000  
  2 1210.2815   4944.966158  x:  0.00000   0.01512   0.02836   0.02536   0.00681   0.02277   2.00028   0.39764  
  3 1945.8813   4944.538711  x:  0.00000   0.01422   0.02655   0.02721   0.00858   0.01985   2.00052   0.39574  
  4 189.3507   4944.037794  x:  0.00000   0.01045   0.02623   0.03073   0.00792   0.02120   2.00176   0.38565  
  5 103.2413   4918.314242  x:  0.00000   0.00932   0.02782   0.03252   0.00794   0.02135   2.04303   0.04929  
  6 339.9880   4918.279835  x:  0.00000   0.00955   0.02664   0.03241   0.00804   0.02201   2.04327   0.04837  
  7 58.5196   4915.213400  x:  0.00000   0.01047   0.02181   0.02686   0.00734   0.02160   3.09223   0.11418  
  8  4.4714   4907.155666  x:  0.00000   0.00936   0.02253   0.01381   0.00492   0.01480   4.02239   0.06548  
  9  2.8368   4906.377563  x:  0.00000   0.00775   0.02346   0.01208   0.00654   0.01659   4.15238   0.06056  
 10  0.4778   4906.304707  x:  0.00149   0.00752   0.02360   0.01182   0.00678   0.01686   4.17176   0.05983  
 11 1316.3705   4906.228208  x:  0.00115   0.00662   0.02289   0.01206   0.00652   0.01682   4.18518   0.05871  
 12  0.0369   4906.223767  x:  0.00121   0.00669   0.02256   0.01197   0.00651   0.01700   4.21045   0.05927  
 13  0.0282   4906.221117  x:  0.00123   0.00670   0.02255   0.01190   0.00652   0.01695   4.28888   0.05870  
 14  0.0397   4906.220321  x:  0.00128   0.00667   0.02260   0.01186   0.00652   0.01694   4.31643   0.05943  
 15  0.0451   4906.220272  x:  0.00130   0.00668   0.02260   0.01186   0.00651   0.01695   4.31912   0.05943  
 16  0.0026   4906.220270  x:  0.00130   0.00668   0.02260   0.01186   0.00651   0.01694   4.31922   0.05943  
 17  0.0001   4906.220270  x:  0.00130   0.00668   0.02260   0.01186   0.00651   0.01694   4.31922   0.05943  
 18  0.0000   4906.220270  x:  0.00130   0.00668   0.02260   0.01186   0.00651   0.01694   4.31922   0.05943  
 19  0.0000   4906.220270  x:  0.00130   0.00668   0.02260   0.01186   0.00651   0.01694   4.31922   0.05943  
 20  0.0000   4906.220270  x:  0.00130   0.00668   0.02260   0.01186   0.00651   0.01694   4.31922   0.05943  
check convergence!
